# NaN NaN NaN ;Mean Elev.(m), Avg Gradient(m/km), RMS Gradient(m/km) - SRTM1     
#  357.965  -1.188   9.759 ;Mean Elev.(m), Avg Gradient(m/km), RMS Gradient(m/km) - ASTER GDEM
#  346.071  -0.848   9.712 ;Mean Elev.(m), Avg Gradient(m/km), RMS Gradient(m/km) - GMTED2010 
  7 320.111129  -8.824212   351.149   351.149  2 52452.52384037 14.625
  9 320.118853  -8.819719   346.798   346.798  2 52522.52379173 25.943
 10 320.112637  -8.823907   348.909   348.909  2 52557.52384351 18.666
 11 320.112664  -8.824136   348.466   348.466  2 52592.52384017 20.701
 12 320.125893  -8.819547   346.430   346.430  2 52627.52375775 29.940
 13 320.117352  -8.820292   347.519   347.660  3 52662.52380213 31.453
 14 320.121290  -8.820090   346.663   346.663  2 52697.52377848 33.162
 15 320.126958  -8.819116   348.246   348.214  3 52732.52380063 19.934
 16 320.115188  -8.821851   348.320   348.320  2 52767.52380961 29.367
 17 320.118572  -8.819045   346.408   346.370  3 52802.52382109 35.483
 18 320.120392  -8.820533   346.028   346.028  2 52837.52388616 26.333
 19 320.120975  -8.817865   351.051   351.051  2 52872.52392589 19.020
 20 320.121935  -8.821027   349.595   349.595  2 52907.52391454 20.926
 23 320.115587  -8.821074   345.912   345.912  2 53012.52389913 26.171
 24 320.117149  -8.820151   347.819   347.819  2 53047.52386694 26.484
 25 320.111402  -8.824258   347.482   347.691  3 53082.52390279 25.404
 26 320.113323  -8.822532   348.200   348.200  2 53117.52387235 25.462
 27 320.112593  -8.822643   346.663   346.663  2 53152.52392189 34.933
 28 320.126455  -8.818165   346.133   346.133  2 53187.52390817 32.263
 29 320.120273  -8.822297   346.302   346.302  2 53222.52393048 26.640
 30 320.114726  -8.822013   347.570   347.834  3 53257.52390643 29.180
 32 320.120933  -8.822279   346.207   346.207  2 53327.52389894 25.473
 33 320.123545  -8.819665   346.333   346.333  2 53362.52385344 27.207
 34 320.116936  -8.820697   347.600   347.053  3 53397.52387521 37.792
 35 320.121845  -8.821089   347.349   347.349  2 53432.52386653 33.578
 36 320.117431  -8.819839   347.857   347.864  3 53467.52390229 31.832
 37 320.112454  -8.823508   348.358   347.694  3 53502.52395427 23.829
 38 320.119148  -8.818610   346.045   346.492  3 53537.52394680 40.667
 39 320.113881  -8.822023   347.225   347.225  2 53572.52395123 29.920
 40 320.119057  -8.821106   346.852   346.873  3 53607.52389962 34.685
 41 320.115819  -8.821979   347.392   347.242  3 53642.52390097 21.203
 42 320.112724  -8.823814   348.008   348.008  2 53677.52392036 17.238
 43 320.123305  -8.819623   347.240   347.240  2 53712.52384814 51.033
 44 320.121538  -8.821032   346.906   346.906  2 53747.52376096 26.714
 45 320.122836  -8.820905   347.441   347.441  2 53782.52379184 36.295
 46 320.123221  -8.820383   346.512   346.512  2 53817.52375652 25.505
 47 320.113203  -8.823553   347.672   347.672  2 53852.52383106 43.241
 48 320.127309  -8.820270   346.488   346.488  2 53887.52383613 33.918
 50 320.110357  -8.823896   347.573   347.573  2 53957.52390270 19.772
 51 320.120961  -8.820098   347.187   347.187  2 53992.52382579 28.384
 52 320.119452  -8.820419   347.190   347.178  3 54027.52388917 31.664
 53 320.123758  -8.819793   346.655   346.655  2 54062.52388275 25.335
 54 320.119651  -8.818357   347.296   347.340  3 54097.52385233 32.633
 55 320.119011  -8.818845   348.357   348.365  3 54132.52380468 49.152
 56 320.117967  -8.819913   349.630   349.630  2 54167.52382632 33.093
 57 320.118103  -8.819148   347.116   347.147  3 54202.52380823 31.314
 58 320.119404  -8.822548   348.023   348.023  2 54237.52384400 18.277
 59 320.119879  -8.820128   347.096   347.137  3 54272.52386316 20.854
 60 320.119643  -8.819232   347.245   347.319  3 54307.52386521 37.161
 61 320.120778  -8.821069   346.802   346.802  2 54342.52384498 30.551
 62 320.118876  -8.819184   347.146   347.160  3 54377.52380045 28.201
 63 320.118777  -8.820620   347.439   347.517  3 54412.52379258 34.005
 66 320.119683  -8.819043   345.986   346.031  3 54517.52377980 34.187
 67 320.119789  -8.818377   345.840   346.047  3 54552.52379693 38.803
 68 320.119289  -8.819715   346.151   346.159  3 54587.52377516 31.710
 69 320.119098  -8.819056   346.225   346.236  3 54622.52379384 34.985
 70 320.117465  -8.819823   346.011   346.011  2 54657.52380318 32.876
 71 320.119428  -8.820429   347.053   347.049  3 54692.52378585 30.212
 72 320.119330  -8.820246   347.015   346.929  3 54727.52375618 33.644
 73 320.118202  -8.819810   347.217   347.198  3 54762.52376385 27.586
 74 320.117435  -8.819982   346.724   346.724  2 54797.52374933 29.851
 75 320.118743  -8.819991   346.431   346.445  3 54832.52375309 31.373
 76 320.119299  -8.818505   346.567   346.659  3 54867.52374528 30.629
 77 320.117247  -8.820663   346.841   346.841  2 54902.52376352 31.838
 78 320.119500  -8.819741   347.104   347.117  3 54937.52373467 31.834
 79 320.118710  -8.821185   347.255   347.258  3 54972.52376789 41.335
 80 320.117527  -8.819775   347.027   347.012  3 55007.52378487 36.335
 81 320.119573  -8.820770   348.369   346.775  3 55042.52377336 27.145
 82 320.119604  -8.819975   347.171   347.199  3 55077.52375267 42.303
 83 320.118827  -8.820319   347.180   347.097  3 55112.52370651 30.993
 84 320.117686  -8.819479   347.097   347.133  3 55147.52370743 26.836
 85 320.118097  -8.820913   347.139   347.142  3 55182.52368642 19.827
 86 320.118396  -8.819681   346.774   346.802  3 55217.52370413 25.848
 87 320.119986  -8.820076   347.842   347.939  3 55252.52368283 39.861
 88 320.118641  -8.819603   346.903   346.903  2 55287.52369483 30.300
 89 320.117228  -8.820933   347.147   347.147  2 55322.52367117 28.929
 90 320.118134  -8.820220   346.230   346.230  2 55357.52367080 23.402
 91 320.118132  -8.820234   346.943   346.943  2 55392.52367273 22.206
 92 320.120201  -8.818500   346.703   346.706  3 55427.52368615 30.049
 93 320.121268  -8.820769   346.038   346.038  2 55462.52365203 31.858
