-214324.776   540.276     0.00   12.84
-213948.944   540.679     1.07   12.80
-213573.107   545.334    12.38   12.03
-213197.267   548.602     8.70   11.17
-212821.422   552.448    10.23    9.64
-212445.574   555.710     8.68    8.41
-212069.721   556.218     1.35    8.39
-211693.865   556.061    -0.42    9.11
-211318.004   553.705    -6.27    8.59
-210942.139   552.807    -2.39    9.62
-210566.271   552.423    -1.02    9.12
-210190.398   552.404    -0.05    9.13
-209814.521   552.500     0.25    6.68
-209438.640   553.840     3.57    7.15
-209062.755   557.143     8.79    8.51
-208686.865   558.500     3.61    8.63
-208310.972   559.574     2.86    7.08
-207935.075   560.878     3.47    6.91
-207559.174   561.859     2.61    6.23
-207183.268   563.615     4.67    8.25
-206807.359   566.730     8.29    9.08
-206431.445   566.602    -0.34    8.27
-206055.527   565.953    -1.73    5.57
-205679.605   567.705     4.66    6.53
-205303.679   571.034     8.86    7.43
-204927.749   575.961    13.11    7.59
-204551.815   579.628     9.75    8.21
-204175.877   583.628    10.64    8.29
-203799.935   588.169    12.08    8.02
-203423.988   590.833     7.09    6.13
-203048.038   594.935    10.91    7.84
-202672.083   599.143    11.19   10.15
-202296.125   608.576    25.09   14.62
-201920.162   619.331    28.60   16.20
-201544.195   631.431    32.18   16.37
-201168.224   644.705    35.30   16.26
-200792.249   654.709    26.61   15.19
-200416.270   653.325    -3.68   19.07
-200040.286   654.371     2.78   23.07
-199664.299   660.061    15.13   26.92
-199288.307   664.756    12.49   31.47
-198912.311   679.331    38.76   33.60
-198536.312   695.628    43.34   30.24
-198160.308   699.833    11.18   35.20
-197784.300   709.192    24.89   40.17
-197408.287   717.710    22.65   49.25
-197032.271   732.346    38.92   55.91
-196656.250   753.628    56.59   46.38
-196280.226   767.893    37.93   41.33
-195904.197   761.935   -15.84   41.65
-195528.164   756.710   -13.90   45.82
-195152.127   768.720    31.94   56.96
-194776.086   764.500   -11.22   56.81
-194400.041   752.146   -32.85   46.00
-194023.991   748.220   -10.44   43.38
-193647.938   739.510   -23.16   36.02
-193271.880   725.547   -37.13   29.84
-192895.818   711.910   -36.26   27.96
-192519.752   703.872   -21.37   17.65
-192143.682   713.987    26.90   26.45
-191767.607   726.987    34.57   29.17
-191391.529   740.448    35.79   26.71
-191015.446   765.872    67.60   31.81
-190639.359   792.038    69.57   44.87
-190263.268   821.602    78.60   55.47
-189887.173   849.504    74.18   49.17
-189511.074   882.012    86.43   37.17
-189134.970   910.034    74.50   29.36
-188758.862   927.089    45.34   30.22
-188382.750   936.756    25.70   29.37
-188006.634   943.334    17.49   34.82
-187630.514   926.220   -45.50   45.84
-187254.390   907.034   -51.01   46.17
-186878.261   889.747   -45.96   37.11
-186502.128   868.346   -56.89   35.66
-186125.992   854.710   -36.25   42.19
-185749.850   837.415   -45.98   42.15
-185373.705   818.910   -49.19   15.09
-184997.556   818.957     0.13   14.65
-184621.402   818.431    -1.40   14.14
-184245.244   815.064    -8.95   16.24
-183869.082   807.961   -18.88   16.58
-183492.916   798.358   -25.53    9.00
-183116.745   791.935   -17.07    8.93
-182740.570   785.282   -17.69    9.16
-182364.392   781.500   -10.05    6.50
-181988.208   781.884     1.02    6.91
-181612.021   783.880     5.30    8.51
-181235.830   789.536    15.04    9.77
-180859.634   795.304    15.33    9.51
-180483.434   798.641     8.87    9.56
-180107.230   803.720    13.50    9.51
-179731.022   810.007    16.71   14.06
-179354.809   813.578     9.49   17.54
-178978.592   819.192    14.92   17.92
-178602.371   824.457    13.99   18.78
-178226.146   828.269    10.13   17.07
-177849.916   838.269    26.58   19.45
-177473.683   847.910    25.62   23.66
-177097.445   857.710    26.05   26.88
-176721.203   869.115    30.31   26.04
-176344.956   875.115    15.95   25.51
-175968.706   880.320    13.83   26.55
-175592.451   889.390    24.10   32.57
-175216.192   898.429    24.02   34.27
-174839.928   912.957    38.61   34.42
-174463.661   927.601    38.92   26.10
-174087.389   933.601    15.95   15.34
-173711.113   930.493    -8.26   14.17
-173334.833   915.837   -38.95   23.26
-172958.548   894.615   -56.40   27.00
-172582.259   879.859   -39.21   22.88
-172205.966   869.247   -28.20   18.49
-171829.669   856.397   -34.15   20.36
-171453.368   850.352   -16.06   22.18
-171077.062   846.064   -11.39   27.54
-170700.752   832.273   -36.65   33.24
-170324.437   822.064   -27.13   42.11
-169948.119   798.439   -62.77   46.25
-169571.796   763.878   -91.83   60.29
-169195.469   727.690   -96.16   63.49
-168819.137   690.029  -100.07   48.43
-168442.802   694.679    12.35   55.04
-168066.462   724.061    78.07   62.36
-167690.117   748.466    64.85   59.80
-167313.769   774.547    69.30   38.20
-166937.416   774.087    -1.22   34.45
-166561.059   771.540    -6.77   34.50
-166184.698   767.859    -9.78   34.00
-165808.332   769.655     4.77   26.36
-165431.962   776.961    19.41   20.47
-165055.588   777.615     1.74   18.06
-164679.210   787.141    25.31   21.30
-164302.827   802.352    40.41   26.80
-163926.440   819.935    46.71   27.98
-163550.048   838.791    50.09   25.80
-163173.653   857.192    48.89   23.03
-162797.253   881.115    63.55   35.05
-162420.849   892.726    30.85   44.88
-162044.440   875.064   -46.92   67.64
-161668.027   824.277  -134.92   99.22
-161291.610   761.142  -167.72  100.32
-160915.188   682.710  -208.35   79.41
-160539.220   632.726  -132.94   49.03
-160163.653   611.615   -56.21   23.87
-159788.082   605.474   -16.35   16.79
-159412.506   603.683    -4.77   17.94
-159036.926   600.448    -8.61   18.65
-158661.342   602.457     5.35   18.33
-158285.753   606.551    10.90   18.81
-157910.161   617.747    29.81   31.25
-157534.563   630.269    33.34   40.58
-157158.962   640.034    26.00   50.36
-156783.356   636.500    -9.41   52.84
-156407.746   626.740   -25.98   51.72
-156032.132   614.171   -33.46   47.50
-155656.513   601.034   -34.97   40.04
-155280.890   583.358   -47.05   26.63
-154905.263   570.655   -33.82   16.20
-154529.631   560.412   -27.27   12.36
-154153.995   552.754   -20.39    9.03
-153778.355   547.265   -14.61    7.44
-153402.710   541.628   -15.01    7.32
-153027.061   537.142   -11.94    7.23
-152651.408   531.653   -14.61    8.97
-152275.751   526.536   -13.62    8.86
-151900.089   521.397   -13.68    9.94
-151524.422   517.641   -10.00    9.67
-151148.752   514.935    -7.20    9.38
-150773.077   512.878    -5.48    9.51
-150397.398   511.115    -4.69    8.01
-150021.714   508.040    -8.18    8.50
-149646.026   505.532    -6.68    8.30
-149270.334   502.277    -8.66    7.91
-148894.637   498.439   -10.21    7.77
-148518.936   496.547    -5.04    7.15
-148143.231   495.038    -4.02    7.73
-147767.521   493.829    -3.22    8.87
-147391.807   493.240    -1.57    8.97
-147016.089   493.012    -0.61    9.27
-146640.366   491.171    -4.90    7.81
-146264.639   488.346    -7.52    7.20
-145888.907   486.223    -5.65    6.37
-145513.172   484.166    -5.47    6.64
-145137.431   482.910    -3.34    7.17
-144761.687   480.987    -5.12    7.55
-144385.938   479.352    -4.35    7.31
-144010.185   477.423    -5.13    6.80
-143634.427   476.490    -2.48    7.30
-143258.665   474.059    -6.47    7.48
-142882.899   474.115     0.15    7.46
-142507.128   472.194    -5.11    8.07
-142131.353   470.169    -5.39    8.84
-141755.573   469.218    -2.53    9.25
-141379.789   468.915    -0.81    8.88
-141004.001   468.515    -1.06    8.32
-140628.208   466.825    -4.50    8.17
-140252.411   463.655    -8.44    9.22
-139876.610   458.474   -13.79    8.73
-139500.804   455.466    -8.00    6.48
-139124.993   454.859    -1.62    6.07
-138749.179   455.859     2.66    7.65
-138373.360   456.465     1.61    8.63
-137997.536   456.325    -0.37    8.58
-137621.708   459.833     9.33   12.88
-137245.876   463.166     8.87   14.65
-136870.039   467.254    10.88   15.04
-136494.198   469.088     4.88   14.68
-136118.353   470.957     4.97   12.58
-135742.503   472.352     3.71    8.42
-135366.649   473.576     3.26    7.57
-134990.790   473.865     0.77    6.11
-134614.927   470.115    -9.98    8.56
-134239.059   466.747    -8.96    9.73
-133863.187   462.466   -11.39    9.38
-133487.311   456.320   -16.35    8.76
-133111.430   450.547   -15.36    9.75
-132735.545   444.653   -15.68    9.75
-132359.655   441.474    -8.46    7.48
-131983.761   443.141     4.43    7.71
-131607.862   448.061    13.09    8.75
-131231.959   454.628    17.47    7.61
-130856.052   456.931     6.13    5.67
-130480.140   457.671     1.97    4.91
-130104.224   456.983    -1.83    5.48
-129728.303   454.358    -6.98    6.72
-129352.378   452.062    -6.11    6.71
-128976.448   451.628    -1.16    5.70
-128600.514   451.677     0.13    5.54
-128224.576   453.483     4.80    6.11
-127848.633   456.520     8.08    7.07
-127472.686   457.007     1.29    7.09
-127096.734   455.218    -4.76    8.06
-126720.777   452.141    -8.18    7.59
-126344.817   449.294    -7.57    5.02
-125968.851   451.012     4.57    6.43
-125592.882   456.371    14.25   10.23
-125216.908   464.088    20.52   12.11
-124840.929   468.265    11.11   10.11
-124464.946   472.747    11.92    8.71
-124088.958   474.115     3.64    8.17
-123712.966   473.653    -1.23    9.44
-123336.970   471.574    -5.53    9.26
-122960.969   467.747   -10.18    8.26
-122584.963   463.884   -10.27    6.43
-122208.953   460.144    -9.95    5.24
-121832.939   456.412    -9.93    5.60
-121456.920   453.115    -8.77    4.92
-121080.897   449.904    -8.54    4.79
-120704.869   448.015    -5.02    5.20
-120328.837   446.088    -5.12    5.90
-119952.800   443.456    -7.00    6.38
-119576.758   440.961    -6.64    6.03
-119200.713   438.423    -6.75    5.52
-118824.662   435.926    -6.64    5.18
-118448.608   433.935    -5.29    5.38
-118072.548   431.679    -6.00    5.18
-117696.485   429.309    -6.30    5.46
-117320.416   425.910    -9.04    5.78
-116944.343   421.782   -10.98    6.76
-116568.266   418.665    -8.29    6.08
-116192.184   417.705    -2.55    5.43
-115816.098   417.544    -0.43    6.55
-115440.007   418.574     2.74    7.52
-115063.912   419.904     3.54    8.10
-114687.812   418.483    -3.78    7.54
-114311.708   416.665    -4.83    7.32
-113935.599   415.845    -2.18    7.22
-113559.485   415.822    -0.06    6.89
-113183.367   416.935     2.96    7.27
-112807.245   418.852     5.09    6.34
-112431.118   418.720    -0.35    6.41
-112054.986   416.551    -5.77    6.58
-111678.850   412.320   -11.25    7.86
-111302.710   407.476   -12.88    6.86
-110926.565   403.243   -11.25    4.48
-110550.415   402.601    -1.71    4.39
-110174.261   404.840     5.95    7.16
-109798.102   410.965    16.28    9.29
-109421.939   415.744    12.70    7.51
-109045.771   417.466     4.58    6.30
-108669.599   413.142   -11.50    9.47
-108293.422   406.878   -16.65    9.60
-107917.240   401.990   -12.99    5.98
-107541.054   401.899    -0.24    5.68
-107164.864   407.969    16.13    9.25
-106788.669   413.089    13.61    7.67
-106412.469   416.196     8.26    5.28
-106036.265   417.346     3.06    4.99
-105660.056   416.833    -1.36    4.58
-105283.843   416.115    -1.91    4.45
-104907.625   414.878    -3.29    5.46
-104531.402   413.423    -3.87    4.93
-104155.175   411.953    -3.91    4.96
-103778.944   412.987     2.75    5.91
-103402.708   416.840    10.24    7.68
-103026.467   419.254     6.42    8.42
-102650.221   422.250     7.96    7.09
-102273.972   422.899     1.72    7.37
-101897.717   420.034    -7.61    6.68
-101521.458   419.525    -1.35    5.41
-101145.194   419.587     0.16    4.48
-100768.926   419.390    -0.52    4.51
-100392.653   418.168    -3.25    5.13
-100016.376   417.061    -2.94    5.17
 -99640.094   418.243     3.14    5.86
 -99263.807   418.825     1.55    5.32
 -98887.516   416.859    -5.23    6.02
 -98511.220   414.525    -6.20    6.14
 -98134.920   414.440    -0.23    5.50
 -97758.615   416.747     6.13    6.00
 -97382.306   421.215    11.87    6.79
 -97005.991   426.465    13.95    7.71
 -96629.673   433.004    17.38    9.41
 -96253.349   440.277    19.33   11.31
 -95877.021   447.764    19.89   10.23
 -95500.689   455.601    20.83    9.25
 -95124.352   465.935    27.46   13.49
 -94748.010   478.601    33.65   20.38
 -94371.663   512.990    91.37   44.33
 -93995.312   562.089   130.46   75.55
 -93618.957   643.223   215.57  118.39
 -93242.596   730.294   231.34  119.40
 -92866.231   805.493   199.80   91.10
 -92489.862   840.628    93.35   50.16
 -92113.488   846.961    16.83   41.09
 -91737.109   838.015   -23.77   42.19
 -91360.725   816.404   -57.41   42.05
 -90984.337   803.320   -34.76   50.33
 -90607.945   785.756   -46.66   58.45
 -90231.547   757.365   -75.43   74.99
 -89855.145   704.845  -139.53   97.03
 -89478.739   622.510  -218.73  105.96
 -89102.327   555.904  -176.94  102.26
 -88725.912   487.500  -181.72   92.29
 -88349.491   431.021  -150.04   65.37
 -87973.066   398.012   -87.69   47.17
 -87596.636   375.064   -60.96   22.77
 -87220.201   365.710   -24.85   16.70
 -86843.762   355.935   -25.96   14.26
 -86467.319   350.493   -14.46   11.26
 -86090.870   345.782   -12.52    9.91
 -85714.417   342.653    -8.31    9.92
 -85338.820   340.269    -6.35   10.80
 -84963.293   336.773    -9.31   10.03
 -84587.761   334.166    -6.94    9.17
 -84212.224   330.397   -10.04    6.97
 -83836.683   328.004    -6.37    5.96
 -83461.137   325.038    -7.90    5.53
 -83085.587   322.953    -5.55    5.11
 -82710.032   323.036     0.22    5.99
 -82334.472   322.756    -0.75    6.19
 -81958.908   321.146    -4.29    6.84
 -81583.339   320.615    -1.41    7.69
 -81207.765   319.931    -1.82    7.84
 -80832.187   319.007    -2.46    7.61
 -80456.604   316.141    -7.63    7.87
 -80081.016   312.358   -10.07    6.51
 -79705.423   312.615     0.68    6.88
 -79329.826   311.218    -3.72    7.78
 -78954.225   309.859    -3.62    8.37
 -78578.618   309.439    -1.12    9.04
 -78203.007   312.140     7.19   11.76
 -77827.392   324.474    32.84   22.89
 -77451.771   338.671    37.79   24.15
 -77076.146   345.961    19.41   21.02
 -76700.516   352.250    16.74   22.06
 -76324.882   364.551    32.75   33.35
 -75949.243   396.243    84.37   51.98
 -75573.599   435.944   105.68   59.84
 -75197.951   487.980   138.52   66.91
 -74822.297   531.655   116.26   55.62
 -74446.640   566.720    93.34   46.48
 -74070.977   592.815    69.46   39.51
 -73695.310   602.493    25.76   39.48
 -73319.638   599.665    -7.53   41.70
 -72943.961   583.551   -42.89   46.68
 -72568.280   563.431   -53.56   47.29
 -72192.594   526.378   -98.62   36.96
 -71816.903   507.012   -51.55   27.81
 -71441.208   489.910   -45.52   20.93
 -71065.507   480.726   -24.44   23.09
 -70689.802   468.269   -33.16   23.12
 -70314.093   455.115   -35.01   19.94
 -69938.379   450.628   -11.94   21.93
 -69562.660   445.961   -12.42   24.93
 -69186.936   443.309    -7.06   24.74
 -68811.207   443.872     1.50   28.42
 -68435.474   450.683    18.13   37.29
 -68059.736   448.320    -6.29   39.64
 -67683.994   435.408   -34.36   50.33
 -67308.246   423.088   -32.79   53.10
 -66932.494   425.865     7.39   47.54
 -66556.738   428.220     6.27   48.67
 -66180.976   448.010    52.66   52.70
 -65805.210   456.404    22.34   65.22
 -65429.439   434.602   -58.02   77.72
 -65053.663   413.690   -55.65   74.73
 -64677.882   388.007   -68.34   55.92
 -64302.097   363.540   -65.11   46.90
 -63926.307   346.601   -45.07   50.48
 -63550.513   323.390   -61.77   42.13
 -63174.713   306.782   -44.19   25.99
 -62798.909   309.250     6.57   33.28
 -62423.100   299.412   -26.18   29.22
 -62047.286   295.466   -10.50   22.84
 -61671.468   306.715    29.93   28.35
 -61295.645   321.865    40.31   38.33
 -60919.817   335.115    35.25   45.00
 -60543.984   338.015     7.72   50.03
 -60168.146   321.510   -43.92   52.30
 -59792.304   301.115   -54.26   40.56
 -59416.457   283.551   -46.73   17.87
 -59040.605   275.878   -20.41   13.11
 -58664.749   274.036    -4.90   11.81
 -58288.887   279.346    14.13   16.70
 -57913.021   286.290    18.47   18.62
 -57537.150   297.926    30.96   20.08
 -57161.275   302.365    11.81   18.22
 -56785.394   308.320    15.84   14.36
 -56409.509   311.304     7.94   10.30
 -56033.619   311.520     0.58    9.97
 -55657.724   312.504     2.62   12.44
 -55281.825   311.840    -1.77   11.05
 -54905.920   311.040    -2.13   15.35
 -54530.011   313.088     5.45   20.83
 -54154.097   309.500    -9.55   22.51
 -53778.178   312.976     9.25   33.42
 -53402.255   327.987    39.93   55.61
 -53026.326   327.807    -0.48   61.16
 -52650.393   319.589   -21.86   61.50
 -52274.455   302.747   -44.80   56.96
 -51898.513   276.679   -69.34   30.74
 -51522.565   259.940   -44.52   12.62
 -51146.613   252.223   -20.53    8.98
 -50770.655   252.865     1.71   10.84
 -50394.693   261.352    22.57   19.00
 -50018.727   279.615    48.58   29.09
 -49642.755   293.466    36.84   23.22
 -49266.779   296.486     8.03   21.25
 -48890.797   287.115   -24.92   24.55
 -48514.811   271.465   -41.62   18.87
 -48138.820   262.559   -23.69   19.23
 -47762.825   248.294   -37.94   21.69
 -47386.824   231.059   -45.84   16.14
 -47010.819   219.576   -30.54   16.69
 -46634.809   210.448   -24.28   14.43
 -46258.794   204.088   -16.91   16.42
 -45882.774   193.961   -26.93   18.36
 -45506.749   182.859   -29.53   20.83
 -45130.719   176.188   -17.74   17.61
 -44754.685   172.061   -10.98   14.19
 -44378.646   177.390    14.17   17.49
 -44002.602   184.062    17.74   15.55
 -43626.553   191.466    19.69   12.36
 -43250.499   193.247     4.73   12.02
 -42874.440   191.497    -4.65   12.56
 -42498.377   196.371    12.96   12.50
 -42122.309   200.983    12.26   12.08
 -41746.236   204.061     8.18   11.56
 -41370.158   208.859    12.76    7.81
 -40994.075   211.337     6.59    6.32
 -40617.987   211.641     0.81    7.43
 -40241.894   209.915    -4.59    9.99
 -39865.797   207.304    -6.94   12.19
 -39489.695   203.500   -10.12   11.76
 -39113.587   202.218    -3.41   11.34
 -38737.475   204.371     5.73   13.32
 -38361.358   211.062    17.79   13.64
 -37985.236   216.089    13.37    9.49
 -37609.110   213.655    -6.47   12.11
 -37232.978   206.378   -19.35   15.18
 -36856.842   196.576   -26.06   12.87
 -36480.700   188.938   -20.31    8.83
 -36104.554   184.833   -10.91    6.53
 -35728.403   182.141    -7.16    5.98
 -35352.247   180.352    -4.76    7.00
 -34976.086   178.493    -4.94    7.50
 -34599.921   176.921    -4.18    7.66
 -34223.750   177.884     2.56    8.25
 -33847.574   178.940     2.81    6.58
 -33471.394   180.089     3.05    5.92
 -33095.208   180.615     1.40    6.10
 -32719.018   178.166    -6.51    6.79
 -32342.823   174.730    -9.13    7.83
 -31966.623   170.218   -12.00    9.45
 -31590.418   165.935   -11.38    9.40
 -31214.208   161.562   -11.62    8.58
 -30837.993   161.825     0.70    9.71
 -30461.774   161.961     0.36   10.47
 -30085.549   163.032     2.85   10.17
 -29709.320   164.141     2.95   12.77
 -29333.085   165.277     3.02   14.75
 -28956.846   169.088    10.13   12.81
 -28580.602   171.547     6.54    9.75
 -28204.352   174.115     6.82    8.37
 -27828.098   170.890    -8.57    9.08
 -27451.839   166.440   -11.83   10.16
 -27075.575   160.036   -17.02   13.07
 -26699.306   151.240   -23.38   15.12
 -26323.032   144.010   -19.22   14.89
 -25946.754   137.551   -17.16    9.98
 -25570.470   132.294   -13.97    8.57
 -25194.181   128.500   -10.08    9.84
 -24817.888   125.439    -8.13   10.54
 -24441.589   119.192   -16.60    8.09
 -24065.286   115.091   -10.90    5.85
 -23688.977   114.872    -0.58    6.84
 -23312.664   115.715     2.24    9.33
 -22936.346   117.878     5.75   10.47
 -22560.022   121.034     8.39   11.51
 -22183.694   126.818    15.37   11.62
 -21807.361   130.315     9.29   10.92
 -21431.023   127.415    -7.71   10.97
 -21054.680   121.990   -14.41   10.87
 -20678.332   116.061   -15.75    9.39
 -20301.979   111.987   -10.83    7.60
 -19925.621   108.254    -9.92    6.09
 -19549.258   106.397    -4.93    6.36
 -19172.890   107.346     2.52    7.42
 -18796.517   110.747     9.04    9.85
 -18420.139   115.833    13.51   12.39
 -18043.756   120.064    11.24   11.25
 -17667.368   120.383     0.85   10.51
 -17290.975   115.926   -11.84   10.91
 -16914.578   112.715    -8.53   11.16
 -16538.175   114.352     4.35   14.98
 -16161.767   119.061    12.51   18.89
 -15785.354   130.791    31.16   19.29
 -15408.937   144.893    37.46   19.77
 -15032.514   151.192    16.73   20.15
 -14656.086   157.397    16.48   18.64
 -14279.654   157.061    -0.89   16.65
 -13903.216   161.378    11.47   15.58
 -13526.773   161.948     1.51   16.29
 -13150.326   164.852     7.71   15.66
 -12773.873   168.565     9.86   13.26
 -12397.415   170.331     4.69    9.85
 -12020.952   175.628    14.07    9.68
 -11644.485   178.825     8.49    9.26
 -11268.012   181.515     7.14   10.04
 -10891.534   186.439    13.08   11.11
 -10515.368   190.040     9.57   13.83
 -10139.886   187.439    -6.93   17.89
  -9764.400   177.926   -25.34   21.75
  -9388.909   162.576   -40.88   19.45
  -9013.413   149.198   -35.63   10.89
  -8637.912   140.987   -21.87   14.56
  -8262.406   131.294   -25.81   20.76
  -7886.894   127.747    -9.45   19.88
  -7511.378   132.764    13.36   23.29
  -7135.857   144.032    30.01   22.10
  -6760.331   155.012    29.24   13.54
  -6384.800   154.408    -1.61   13.90
  -6009.263   150.628   -10.06   14.19
  -5633.722   144.590   -16.08   13.47
  -5258.176   133.653   -29.12   15.08
  -4882.625   121.294   -32.91   20.18
  -4507.069   115.061   -16.60   21.01
  -4131.507   108.218   -18.22   21.22
  -3755.941    97.926   -27.40   25.49
  -3380.370    91.194   -17.92   24.14
  -3004.793    73.715   -46.54   28.43
  -2629.212    59.258   -38.49   28.42
  -2253.626    42.782   -43.87   32.02
  -1878.034    27.412   -40.92   27.19
  -1502.438    16.007   -30.37   20.05
  -1126.836     7.385   -22.95    8.91
   -751.230     4.504    -7.67    7.17
   -375.618     1.690    -7.49    3.59
     -0.002     1.371    -0.85    3.40
    375.620     2.983     4.29    5.86
    751.247     8.576    14.89   12.64
   1126.878    17.218    23.00   16.12
   1502.515    32.243    40.00   22.12
   1878.157    47.168    39.73   23.39
   2253.804    52.859    15.15   19.42
   2629.456    59.358    17.30   20.70
   3005.112    71.525    32.39   39.09
   3380.774    85.865    38.17   44.72
   3756.442    94.059    21.81   42.20
   4132.114    88.628   -14.46   42.44
   4507.791    64.142   -65.18   24.86
   4883.473    53.628   -27.99   15.52
   5259.160    54.747     2.98   12.92
   5634.853    53.458    -3.43   11.43
   6010.550    48.340   -13.62   13.98
   6386.253    45.957    -6.34   15.29
   6761.960    45.277    -1.81   16.41
   7137.673    44.089    -3.16   18.72
   7513.391    47.641     9.45   21.11
   7889.113    42.089   -14.78   21.39
   8264.841    40.782    -3.48   18.98
   8640.574    45.730    13.17   19.71
   9016.312    51.668    15.80   24.52
   9392.055    62.215    28.07   27.03
   9767.804    75.190    34.53   26.15
  10143.557    79.587    11.70   28.76
  10519.315    77.737    -4.92   30.44
  10895.079    72.899   -12.87   32.21
  11270.847    65.168   -20.57   32.48
  11646.621    65.448     0.75   32.56
  12022.400    65.115    -0.89   27.41
  12398.184    75.756    28.32   29.78
  12773.973    93.220    46.47   28.32
  13149.767   106.710    35.90   24.96
  13525.566   119.294    33.49   19.16
  13901.370   128.773    25.22   20.11
  14277.180   132.500     9.92   20.60
  14652.994   137.299    12.77   23.28
  15028.814   143.665    16.94   27.09
  15404.639   146.466     7.45   26.60
  15780.469   148.383     5.10   28.30
  16156.304   155.294    18.39   31.40
  16532.144   152.198    -8.24   32.17
  16907.989   163.439    29.91   29.64
  17283.839   173.273    26.16   27.15
  17659.695   170.064    -8.54   22.76
  18035.556   173.397     8.87   23.23
  18411.421   172.087    -3.48   22.27
  18787.292   166.935   -13.71   20.87
  19163.168   166.385    -1.46   18.30
  19539.049   163.412    -7.91   16.66
  19914.936   163.315    -0.26   14.09
  20290.827   166.493     8.46   14.56
  20666.724   169.782     8.75   15.14
  21042.625   175.825    16.08   14.07
  21418.532   175.115    -1.89   14.24
  21794.444   175.223     0.29   12.74
  22170.362   177.365     5.70   14.58
  22546.284   181.904    12.08   14.10
  22922.211   188.615    17.85   11.82
  23298.144   193.773    13.72    9.99
  23674.082   200.254    17.24    9.08
  24050.025   204.397    11.02   10.97
  24425.973   208.012     9.62   12.70
  24801.926   212.520    11.99   11.25
  25177.885   212.926     1.08   10.60
  25553.848   209.412    -9.35   10.08
  25929.817   207.551    -4.95   10.53
  26305.791   205.139    -6.41   11.51
  26681.770   207.628     6.62   12.01
  27057.754   209.690     5.48   13.88
  27433.744   215.747    16.11   13.44
  27809.739   222.168    17.08   13.36
  28185.738   228.273    16.24   13.79
  28561.743   232.525    11.31   13.04
  28937.754   236.756    11.25   11.42
  29313.769   240.223     9.22   10.76
  29689.790   241.440     3.24    8.97
  30065.815   245.010     9.49    7.87
  30441.846   248.115     8.26    9.63
  30817.883   250.756     7.02   10.01
  31193.924   255.304    12.09    8.66
  31569.970   256.412     2.95    7.75
  31946.022   254.845    -4.17    7.12
  32322.079   252.940    -5.07    7.15
  32698.141   249.990    -7.84    6.68
  33074.209   249.628    -0.96    7.33
  33450.281   253.340     9.87    7.68
  33826.359   255.694     6.26    6.36
  34202.442   256.551     2.28    5.12
  34578.530   255.243    -3.48    6.49
  34954.624   253.168    -5.52    7.17
  35330.722   250.615    -6.79    7.69
  35706.826   247.694    -7.77    8.11
  36082.935   247.565    -0.34    7.94
  36459.050   248.466     2.40    6.50
  36835.169   248.840     0.99    6.10
  37211.294   248.705    -0.36    8.10
  37587.424   244.845   -10.26   10.65
  37963.559   236.845   -21.27   11.50
  38339.700   229.476   -19.59   10.80
  38715.846   222.935   -17.39    8.61
  39091.996   215.765   -19.06    8.83
  39468.153   210.547   -13.87    8.84
  39844.314   207.525    -8.03    8.73
  40220.481   206.532    -2.64    8.95
  40596.653   208.615     5.54   10.34
  40972.830   210.371     4.67   10.23
  41349.012   208.220    -5.72   12.32
  41725.200   201.525   -17.80   11.07
  42101.393   196.483   -13.40    9.15
  42477.591   194.015    -6.56    9.38
  42853.794   192.818    -3.18   10.17
  43230.003   192.765    -0.14   10.93
  43606.217   191.192    -4.18    9.94
  43982.436   188.764    -6.45    9.21
  44358.661   187.683    -2.87    6.37
  44734.890   183.337   -11.55    6.05
  45111.125   180.576    -7.34    6.80
  45487.366   175.500   -13.49    6.64
  45863.611   173.250    -5.98    6.21
  46239.862   174.615     3.63    7.09
  46616.118   175.615     2.66    7.27
  46992.379   174.089    -4.05    7.41
  47368.646   172.334    -4.66    7.79
  47744.918   168.331   -10.64    7.72
  48121.195   165.840    -6.62    7.66
  48497.478   167.299     3.88    7.82
  48873.765   167.166    -0.35    7.26
  49250.059   166.791    -1.00    6.77
  49626.357   164.415    -6.31    8.33
  50002.661   160.574   -10.21    8.73
  50378.970   156.010   -12.13    8.88
  50755.284   152.910    -8.24    9.30
  51131.603   148.628   -11.38    8.64
  51507.928   146.859    -4.70    9.47
  51884.258   145.192    -4.43   11.94
  52260.594   140.574   -12.27   10.99
  52636.935   136.547   -10.70    9.30
  53013.281   136.061    -1.29    9.79
  53389.632   133.833    -5.92   10.42
  53765.989   135.334     3.99   12.45
  54142.351   134.737    -1.59   12.39
  54518.718   133.115    -4.31   12.19
  54895.091   132.562    -1.47   14.11
  55271.469   132.551    -0.03   16.61
  55647.852   139.987    19.76   19.31
  56024.241   147.562    20.13   21.08
  56400.635   160.589    34.61   19.12
  56777.034   164.551    10.53   15.10
  57153.438   159.715   -12.85   16.17
  57529.848   152.872   -18.18   17.08
  57906.264   146.215   -17.68   14.04
  58282.684   145.859    -0.95   13.42
  58659.110   148.337     6.58   11.89
  59035.541   154.439    16.21   15.50
  59411.978   162.115    20.39   16.28
  59788.420   166.371    11.31   13.95
  60164.867   172.415    16.05   13.23
  60541.320   181.352    23.74   24.98
  60917.778   197.740    43.53   32.36
  61294.241   211.061    35.39   31.06
  61670.710   213.799     7.27   25.55
  62047.184   201.859   -31.72   28.56
  62423.664   191.168   -28.40   23.04
  62800.148   186.773   -11.67   16.19
  63176.638   188.483     4.54   17.04
  63553.134   187.540    -2.51   15.65
  63929.635   177.953   -25.46   18.71
  64306.141   169.773   -21.72   17.84
  64681.891   161.551   -21.88   12.10
  65057.335   159.520    -5.41   10.17
  65432.783   158.872    -1.73    9.79
  65808.238   157.088    -4.75    8.38
  66183.697   157.961     2.33    7.78
  66559.162   159.423     3.89    8.00
  66934.632   162.574     8.39    9.72
  67310.107   166.299     9.92   11.04
  67685.588   171.837    14.75   11.57
  68061.075   174.773     7.82   10.59
  68436.566   175.725     2.54    9.32
  68812.063   175.574    -0.40    9.19
  69187.565   177.833     6.01    9.90
  69563.073   179.807     5.26    9.22
  69938.586   187.269    19.87   13.88
  70314.104   194.220    18.51   14.47
  70689.628   198.346    10.99   13.65
  71065.157   205.385    18.75   14.09
  71440.692   211.036    15.05   16.02
  71816.232   218.500    19.87   14.95
  72191.777   222.850    11.59   11.08
  72567.327   220.269    -6.87   11.75
  72942.883   217.668    -6.93   10.15
  73318.445   216.062    -4.27   10.72
  73694.011   217.547     3.95   11.42
  74069.584   222.226    12.46   11.86
  74445.161   225.665     9.16   11.59
  74820.744   229.576    10.41   10.66
  75196.332   232.352     7.39    7.60
  75571.926   231.215    -3.03    6.54
  75947.525   227.833    -9.00    8.04
  76323.130   223.730   -10.92    8.67
  76698.739   217.694   -16.07    7.39
  77074.355   215.294    -6.39    7.36
  77449.975   211.628    -9.76    8.15
  77825.602   207.730   -10.38   10.62
  78201.233   201.715   -16.01   11.46
  78576.870   198.559    -8.40    8.74
  78952.512   198.115    -1.18    8.16
  79328.160   198.953     2.23    7.46
  79703.813   200.034     2.88    6.95
  80079.472   198.926    -2.95    6.98
  80455.136   198.286    -1.70    7.34
  80830.805   198.240    -0.12    6.15
  81206.480   195.653    -6.89    7.32
  81582.160   191.980    -9.78    6.58
  81957.846   187.166   -12.81    6.57
  82333.537   183.641    -9.38    7.56
  82709.233   178.705   -13.14    8.47
  83084.935   173.705   -13.31    7.59
  83460.643   170.790    -7.76    7.44
  83836.356   170.010    -2.08    6.50
  84212.074   173.290     8.73    8.58
  84587.797   180.040    17.97   10.59
  84963.527   189.087    24.08    8.47
  85339.261   191.737     7.05    6.63
  85715.001   190.250    -3.96    8.92
  86090.747   187.589    -7.08   10.05
  86466.498   184.756    -7.54    9.77
  86842.254   182.226    -6.73    8.61
  87218.016   179.679    -6.78    9.80
  87593.783   175.115   -12.15    8.60
  87969.556   172.250    -7.62    6.28
  88345.334   167.448   -12.78    6.20
  88721.118   165.431    -5.37    6.49
  89096.907   164.576    -2.27    5.50
  89472.701   164.878     0.80    5.76
  89848.501   169.465    12.21    7.17
  90224.307   175.061    14.89    6.95
  90600.118   177.895     7.54    5.83
  90975.934   178.397     1.33    5.88
  91351.756   178.476     0.21    7.83
  91727.584   177.536    -2.50    8.11
  92103.417   178.385     2.26    7.53
  92479.255   180.551     5.76    7.36
  92855.099   181.346     2.11    6.52
  93230.948   178.304    -8.09    9.06
  93606.803   171.683   -17.62   10.71
  93982.663   166.791   -13.02   10.97
  94358.529   163.859    -7.80    7.95
  94734.401   165.940     5.54    8.69
  95110.277   168.385     6.51    9.42
  95486.160   172.640    11.32    9.22
  95862.047   174.720     5.53    9.52
  96237.941   174.653    -0.18    9.03
  96613.839   173.852    -2.13    9.77
  96989.744   168.190   -15.06   11.92
  97365.654   158.062   -26.94   12.60
  97741.569   149.273   -23.38    9.79
  98117.490   146.565    -7.20    7.90
  98493.416   149.168     6.92   11.16
  98869.348   152.218     8.11   12.85
  99245.285   154.987     7.37   12.99
  99621.228   150.358   -12.31   13.53
  99997.176   145.493   -12.94   14.16
 100373.130   140.196   -14.09   15.92
 100749.090   132.515   -20.43   12.46
 101125.055   127.139   -14.30   10.87
 101501.025   123.089   -10.77    7.18
 101877.001   121.390    -4.52    5.90
 102252.983   119.536    -4.93    5.00
 102628.970   119.705     0.45    5.45
 103004.962   119.602    -0.27    9.71
 103380.961   120.720     2.97   12.71
 103756.964   119.720    -2.66   13.77
 104132.974   116.576    -8.36   13.87
 104508.988   111.815   -12.66   12.18
 104885.009   111.412    -1.07   11.84
 105261.034   110.490    -2.45   14.05
 105637.066   108.653    -4.88   15.72
 106013.103   110.710     5.47   16.16
 106389.145   112.628     5.10   19.70
 106765.193   104.921   -20.50   36.91
 107141.247    94.833   -26.83   47.67
 107517.306    73.965   -55.49   47.27
 107893.371    55.115   -50.13   29.55
 108269.441    50.833   -11.39   20.78
 108645.517    58.809    21.21   25.50
 109021.599    61.987     8.45   26.42
 109397.686    58.910    -8.18   27.80
 109773.778    53.878   -13.38   27.98
 110149.876    48.653   -13.89   20.88
 110525.980    47.961    -1.84   19.50
 110902.089    51.530     9.49   24.38
 111278.204    61.818    27.35   30.79
 111654.325    67.115    14.08   32.17
 112030.451    71.247    10.99   27.50
 112406.582    77.034    15.39   21.27
 112782.720    83.062    16.03   23.41
 113158.862    94.380    30.09   17.89
 113535.011    91.910    -6.57   19.66
 113911.165    90.010    -5.05   19.02
 114287.324    89.983    -0.07   18.48
 114663.489    93.483     9.30   20.23
 115039.660   105.504    31.96   16.81
 115415.837   117.320    31.41   15.13
 115792.018   119.840     6.70   17.26
 116168.206   120.957     2.97   15.60
 116544.399   121.290     0.88   16.11
 116920.598   115.371   -15.73   13.42
 117296.802   112.166    -8.52   10.88
 117673.012   112.628     1.23    9.80
 118049.228   115.628     7.97   10.96
 118425.449   124.457    23.47   15.06
 118801.676   137.141    33.72   17.75
 119177.909   147.628    27.87   16.02
 119554.147   157.698    26.77    8.62
 119930.390   159.166     3.90    5.13
 120306.640   156.615    -6.78    6.63
 120682.895   152.304   -11.46    8.30
 121059.155   148.223   -10.85    8.30
 121435.421   146.643    -4.20    8.89
 121811.693   147.690     2.78   10.13
 122187.971   148.815     2.99   10.53
 122564.254   150.141     3.52    9.52
 122940.543   148.987    -3.07   10.03
 123316.837   145.352    -9.66   12.48
 123693.137   141.365   -10.60   15.24
 124069.443   133.352   -21.30   17.60
 124445.754   127.782   -14.80   17.31
 124822.071   119.983   -20.72   16.70
 125198.394   113.320   -17.71   11.65
 125574.722   111.773    -4.11    9.61
 125951.056   109.254    -6.70    9.28
 126327.396   105.765    -9.27   11.60
 126703.741   102.799    -7.88   11.79
 127080.092   100.169    -6.99    8.60
 127456.449    99.953    -0.57    9.51
 127832.811    99.886    -0.18   10.09
 128209.179   102.653     7.35   11.97
 128585.552   108.525    15.60   15.93
 128961.932   114.466    15.79   15.65
 129338.316   116.859     6.36   13.58
 129714.707   117.421     1.49   11.51
 130091.103   116.910    -1.36   14.81
 130467.505   115.012    -5.04   16.98
 130843.913   108.277   -17.89   16.47
 131220.326   101.294   -18.55   14.95
 131596.745    98.935    -6.27   12.44
 131973.170    97.990    -2.51   12.23
 132349.600    99.088     2.92   12.20
 132726.036    99.833     1.98   10.82
 133102.478    98.683    -3.06    9.36
 133478.926   105.062    16.95   13.37
 133855.379   116.038    29.16   15.74
 134231.838   122.544    17.28   16.42
 134608.302   129.807    19.30   15.24
 134984.772   133.431     9.63   13.54
 135361.248   129.378   -10.77   17.86
 135737.730   120.926   -22.45   21.33
 136114.217   116.226   -12.48   20.79
 136490.711   110.115   -16.23   21.19
 136867.209   112.990     7.64   21.05
 137243.714   119.062    16.13   18.70
 137620.224   121.340     6.05   17.74
 137996.740   126.431    13.52   14.33
 138373.262   131.218    12.71   10.84
 138749.789   133.756     6.74    8.00
 139126.322   131.012    -7.29   11.45
 139502.738   123.169   -20.84   19.46
 139878.140   111.525   -31.02   23.51
 140253.547    98.215   -35.46   23.23
 140628.960    86.337   -31.64   13.43
 141004.379    82.192   -11.04   13.17
 141379.803    82.747     1.48   14.76
 141755.234    86.385     9.69   15.65
 142130.669    85.493    -2.38   16.41
 142506.111    85.337    -0.42   17.35
 142881.558    85.615     0.74   17.01
 143257.011    78.833   -18.06   15.51
 143632.470    77.601    -3.28   15.53
 144007.934    82.961    14.28   16.14
 144383.404    80.141    -7.51   17.76
 144758.880    80.756     1.64   17.03
 145134.362    80.371    -1.02   17.13
 145509.849    81.365     2.65   15.73
 145885.342    81.510     0.39   14.32
 146260.841    72.730   -23.38   17.36
 146636.345    65.390   -19.55   17.70
 147011.855    57.671   -20.56   17.51
 147387.371    50.192   -19.92   16.78
 147762.893    42.878   -19.48   10.41
 148138.420    40.825    -5.47    6.80
 148513.953    46.756    15.79   11.33
 148889.492    50.357     9.59   13.02
 149265.037    52.457     5.59   14.78
 149640.587    52.602     0.39   17.75
 150016.143    50.062    -6.76   16.97
 150391.705    51.320     3.35   17.78
 150767.272    57.799    17.25   19.44
 151142.846    59.822     5.39   16.77
 151518.425    59.525    -0.79   14.63
 151894.010    57.269    -6.01   16.67
 152269.600    59.466     5.85   17.88
 152645.196    66.140    17.77   19.16
 153020.799    71.525    14.34   19.46
 153396.406    76.754    13.92   19.94
 153772.020    75.602    -3.07   18.88
 154147.639    74.247    -3.61   16.92
 154523.265    69.265   -13.26   15.10
 154898.895    62.397   -18.28   13.45
 155274.532    54.782   -20.27   11.39
 155650.175    51.493    -8.75    9.96
 156025.823    54.818     8.85   13.05
 156401.477    62.218    19.70   17.52
 156777.137    71.505    24.73   18.06
 157152.802    77.791    16.73   15.47
 157528.474    83.890    16.24   16.34
 157904.151    88.773    13.00   17.04
 158279.834    91.931     8.41   18.14
 158655.522    99.243    19.47   17.84
 159031.217   100.782     4.10   17.75
 159406.917   105.884    13.58   14.91
 159782.623   107.166     3.41   14.26
 160158.335   102.640   -12.05   17.54
 160534.053   103.953     3.49   18.71
 160909.776   105.890     5.16   20.53
 161285.506   106.397     1.35   20.88
 161661.241   106.223    -0.46   23.14
 162036.982   102.574    -9.71   24.75
 162412.729    99.115    -9.21   22.31
 162788.481    98.065    -2.79   21.15
 163164.239    96.915    -3.06   19.59
 163540.004    99.655     7.29   20.04
 163915.774   100.679     2.72   20.52
 164291.549    97.393    -8.75   22.62
 164667.331    99.756     6.29   21.95
 165043.119   101.448     4.50   22.04
 165418.912   103.878     6.47   21.93
 165794.711   100.987    -7.69   22.53
 166170.516    93.628   -19.58   24.59
 166546.327    88.383   -13.96   23.67
 166922.143    83.628   -12.65   21.05
 167297.966    82.665    -2.56   21.86
 167673.794    87.404    12.61   23.24
 168049.628    86.910    -1.32   21.71
 168425.468    85.825    -2.89   21.81
 168801.314    85.674    -0.40   22.08
 169177.166    87.012     3.56   18.04
 169553.023    87.747     1.95   17.80
 169928.886    89.536     4.76   17.11
 170304.756    92.628     8.23   16.59
 170680.631    91.754    -2.33   16.32
 171056.512    91.515    -0.64   14.82
 171432.398    94.551     8.08   13.90
 171808.291   100.247    15.15   15.76
 172184.189   104.865    12.29   14.21
 172560.094   105.782     2.44   15.22
 172936.004   107.064     3.41   14.56
 173311.920   107.036    -0.07   13.08
 173687.842   107.064     0.07   12.50
 174063.770   103.957    -8.26   16.20
 174439.703    99.192   -12.68   19.26
 174815.643    90.865   -22.15   21.48
 175191.588    82.801   -21.45   24.37
 175567.540    77.536   -14.00   21.44
 175943.497    77.520    -0.04   19.64
 176319.460    85.980    22.50   19.16
 176695.429    95.061    24.16   14.62
 177071.404    94.004    -2.81   15.23
 177447.385    94.540     1.43   15.64
 177823.371    88.935   -14.91   18.96
 178199.364    80.872   -21.45   24.14
 178575.362    77.294    -9.51   22.62
 178951.367    73.641    -9.72   20.17
 179327.377    80.240    17.55   21.82
 179703.393    91.525    30.01   19.68
 180079.415    97.690    16.40   16.55
 180455.443    96.115    -4.19   17.65
 180831.477    94.448    -4.43   17.24
 181207.517    94.790     0.91   17.50
 181583.562    91.226    -9.48   17.56
 181959.614    93.872     7.04   18.53
 182335.671    95.562     4.50   18.73
 182711.735    93.720    -4.90   20.41
 183087.804    93.628    -0.25   19.55
 183463.879    92.229    -3.72   18.94
 183839.960    86.525   -15.17   20.64
 184216.047    78.247   -22.01   20.56
 184592.140    70.142   -21.55   20.19
 184968.239    66.987    -8.39   17.52
 185344.344    66.304    -1.82   16.50
 185720.455    61.139   -13.73   15.35
 186096.572    57.243   -10.36   15.20
 186472.695    50.782   -17.18   13.20
 186848.823    42.466   -22.11   12.39
 187224.958    37.640   -12.83    8.49
 187601.098    36.807    -2.21    7.02
 187977.245    38.448     4.36    8.55
 188353.397    43.730    14.04   11.40
 188729.555    50.141    17.04   11.85
 189105.720    55.397    13.97   10.99
 189481.890    62.910    19.97   11.27
 189858.066    67.715    12.77   12.66
 190234.248    67.277    -1.16   16.81
 190610.437    66.273    -2.67   18.70
 190986.631    66.457     0.49   19.58
 191362.831    75.091    22.95   24.97
 191739.037    83.331    21.91   21.76
 192115.249    85.456     5.65   19.21
 192491.467    82.089    -8.95   18.70
 192867.691    73.304   -23.35   14.75
 193243.920    66.730   -17.47   11.09
 193620.156    63.166    -9.47    9.50
 193996.398    58.715   -11.83    9.03
 194372.646    58.378    -0.90    8.64
 194748.900    56.565    -4.82    9.11
 195125.160    58.457     5.03    9.85
 195501.425    64.895    17.11   14.34
 195877.697    64.265    -1.68   15.78
 196253.975    64.948     1.82   16.12
 196630.259    60.277   -12.41   15.05
 197006.548    53.547   -17.89   13.05
 197382.844    56.525     7.91   14.12
 197759.146    66.859    27.46   19.69
 198135.454    70.010     8.37   19.94
 198511.767    76.910    18.34   17.61
 198888.087    73.220    -9.81   15.72
 199264.413    66.007   -19.17   15.94
 199640.744    62.165   -10.21   15.01
 200017.082    57.747   -11.74   15.89
 200393.426    52.440   -14.10   15.12
 200769.776    48.352   -10.86   16.58
 201146.132    42.940   -14.38   16.20
 201522.493    41.304    -4.35   17.57
 201898.861    45.164    10.26   19.43
 202275.235    52.457    19.38   25.20
 202651.615    56.643    11.12   24.98
 203028.001    58.448     4.80   22.65
 203404.393    69.668    29.81   25.57
 203780.791    74.012    11.54   23.74
 204157.195    74.474     1.23   21.20
 204533.605    71.976    -6.64   18.81
 204910.021    65.007   -18.52   12.24
 205286.443    63.493    -4.02   13.36
 205662.871    68.012    12.01   16.13
 206039.305    69.456     3.84   17.32
 206415.745    70.520     2.83   18.15
 206792.192    68.565    -5.19   14.34
 207168.644    66.192    -6.30   13.19
 207545.102    70.878    12.45   16.40
 207921.567    70.325    -1.47   18.42
 208298.037    71.628     3.46   20.52
 208674.514    62.440   -24.41   23.93
 209050.996    48.089   -38.12   21.51
 209427.485    37.740   -27.49   16.05
 209803.980    35.247    -6.62   12.10
 210180.480    38.432     8.46   14.19
 210556.987    49.340    28.97   20.35
 210933.500    64.476    40.20   22.39
 211310.019    72.385    21.01   21.08
 211686.544    78.331    15.79   19.03
 212063.075    78.294    -0.10   19.20
 212439.613    63.525   -39.23   24.45
 212816.156    52.325   -29.75   26.91
 213192.705    33.679   -49.52   23.67
 213569.261    21.773   -31.62    9.96
 213945.822    16.628   -13.66    9.95
 214322.390    10.340   -16.70   10.94
 214698.341     5.273   -13.48    8.81
 215073.700     3.240    -5.42    5.36
 215449.065     4.457     3.24    5.97
 215824.436     8.165     9.88    7.37
 216199.814    13.683    14.70    7.57
 216575.197    14.615     2.48    7.58
 216950.586    16.536     5.12    6.70
 217325.982    17.169     1.69    7.21
 217701.383    20.833     9.76    9.53
 218076.791    25.773    13.16   11.04
 218452.204    30.730    13.21    8.82
 218827.624    34.833    10.93    7.85
 219203.050    41.250    17.09   11.61
 219578.481    49.385    21.67   14.72
 219953.919    53.448    10.82   18.10
 220329.363    56.815     8.97   19.52
 220704.813    56.359    -1.21   20.24
 221080.270    56.194    -0.44   18.69
 221455.732    59.565     8.98   17.85
 221831.200    67.378    20.81   17.77
 222206.674    73.371    15.96   17.27
 222582.155    74.269     2.39   16.13
 222957.641    72.935    -3.55   14.97
 223333.134    75.169     5.95   14.47
 223708.633    72.833    -6.22   13.87
 224084.138    74.315     3.95   13.34
 224459.649    74.198    -0.31   12.02
 224835.166    69.243   -13.20   14.86
 225210.689    65.404   -10.22   17.02
 225586.218    62.034    -8.98   17.62
 225961.753    58.325    -9.88   17.96
 226337.295    55.865    -6.55   18.21
 226712.842    56.415     1.46   18.15
 227088.396    58.730     6.17   20.65
 227463.956    58.773     0.11   19.88
 227839.522    54.218   -12.13   18.02
 228215.094    50.825    -9.03   19.15
 228590.672    50.884     0.16   17.59
 228966.256    46.423   -11.88   22.37
 229341.847    42.965    -9.21   23.48
 229717.443    36.168   -18.10   21.60
 230093.046    39.653     9.28   21.26
 230468.655    50.408    28.63   22.97
 230844.269    63.421    34.65   20.69
 231219.890    71.115    20.49   18.23
 231595.518    73.431     6.17   17.16
 231971.151    69.852    -9.53   19.30
 232346.790    66.576    -8.72   19.72
 232722.436    51.601   -39.87   24.42
 233098.088    43.089   -22.66   22.04
 233473.746    39.807    -8.74   22.76
 233849.410    45.904    16.23   23.63
 234225.080    50.915    13.34   22.86
 234600.756    53.737     7.51   19.43
 234976.439    46.749   -18.60   22.80
 235352.127    42.730   -10.70   21.73
 235727.822    43.525     2.12   21.39
 236103.523    39.799    -9.92   18.01
 236479.230    43.782    10.60   18.76
 236854.944    45.390     4.28   18.16
 237230.663    49.668    11.39   17.88
 237606.389    52.065     6.38   16.37
 237982.121    58.562    17.29   15.67
 238357.859    63.890    14.18   14.57
 238733.603    69.465    14.84   13.07
 239109.353    73.143     9.79   10.62
 239485.110    72.667    -1.27   12.40
