-193828.006   117.028     0.00   32.16
-193451.776   109.288   -20.57   31.91
-193075.542    92.920   -43.50   26.49
-192699.304    78.181   -39.17   19.99
-192323.063    70.980   -19.14   13.60
-191946.818    65.209   -15.34    7.14
-191570.570    63.484    -4.58    7.49
-191194.318    61.762    -4.58    7.93
-190818.063    57.234   -12.03    6.47
-190441.804    56.134    -2.92    6.66
-190065.541    54.108    -5.38    6.80
-189689.275    54.181     0.19    7.68
-189313.006    52.910    -3.38    7.20
-188936.732    53.370     1.22   10.20
-188560.456    55.209     4.89   13.62
-188184.175    58.812     9.57   15.03
-187807.892    63.694    12.97   15.47
-187431.604    68.287    12.20   14.65
-187055.313    75.082    18.06   18.90
-186679.019    69.262   -15.47   22.90
-186302.720    58.964   -27.36   27.33
-185926.419    42.826   -42.89   28.57
-185550.113    26.005   -44.70   15.22
-185173.805    19.651   -16.89    8.22
-184797.492    21.877     5.92    9.41
-184421.176    30.123    21.91   13.36
-184044.856    37.698    20.13   13.63
-183668.533    46.236    22.69   12.44
-183292.206    55.147    23.68    8.92
-182915.876    60.235    13.52    8.94
-182539.542    64.051    10.14   10.85
-182163.205    70.104    16.08   10.67
-181786.863    73.387     8.72   12.30
-181410.519    79.316    15.75   11.86
-181034.170    85.896    17.48   16.85
-180657.818    91.775    15.62   17.45
-180281.463    94.814     8.08   15.51
-179905.104   100.694    15.62   12.65
-179528.741   105.604    13.04   13.74
-179152.374   108.980     8.97   13.24
-178776.004   109.123     0.38   11.22
-178399.631   101.672   -19.80   15.02
-178023.653    89.290   -32.93   23.53
-177647.997    73.364   -42.39   25.89
-177272.337    56.903   -43.82   21.31
-176896.673    44.405   -33.27   13.13
-176521.006    40.721    -9.80    2.98
-176145.335    43.748     8.06    6.37
-175769.661    48.472    12.57    9.78
-175393.983    54.687    16.54   11.83
-175018.301    59.873    13.80   11.21
-174642.616    62.506     7.01    9.12
-174266.927    62.057    -1.20    7.20
-173891.234    61.672    -1.02    6.07
-173515.538    61.667    -0.01    6.20
-173139.838    64.159     6.63    8.30
-172764.135    70.954    18.08   11.31
-172388.428    78.873    21.08   11.02
-172012.718    90.646    31.34   15.86
-171637.003   101.206    28.10   17.69
-171261.285   112.972    31.31   17.34
-170885.564   126.569    36.19   20.75
-170509.839   139.862    35.38   33.19
-170134.110   164.289    65.01   46.96
-169758.378   196.604    86.00   62.52
-169382.642   220.525    63.66   59.64
-169006.902   253.787    88.52   53.10
-168631.159   277.235    62.40   45.42
-168255.412   291.115    36.94   32.52
-167879.661   294.621     9.33   28.62
-167503.907   276.946   -47.04   37.62
-167128.149   246.532   -80.94   32.40
-166752.387   225.672   -55.51   24.57
-166376.622   207.800   -47.56   19.82
-166000.853   196.234   -30.78   16.43
-165625.080   187.313   -23.74   15.10
-165249.304   178.012   -24.75   14.91
-164873.524   172.775   -13.94   15.19
-164497.741   167.723   -13.44   14.75
-164121.954   161.519   -16.51   16.81
-163746.163   152.451   -24.13   17.22
-163370.368   147.235   -13.88   16.12
-162994.570   142.262   -13.23   18.07
-162618.768   142.087    -0.47   19.49
-162242.963   141.100    -2.63   19.45
-161867.153   139.159    -5.16   17.75
-161491.341   134.467   -12.49   14.88
-161115.524   128.814   -15.04   12.36
-160739.704   119.910   -23.69   12.21
-160363.880   110.082   -26.15   12.39
-159988.052    98.472   -30.89   14.60
-159612.221    86.790   -31.08   12.77
-159236.386    77.287   -25.28   11.07
-158860.547    68.956   -22.17    7.25
-158484.705    65.851    -8.26    6.50
-158108.859    61.416   -11.80    5.14
-157733.009    58.576    -7.55    5.80
-157357.155    55.208    -8.96    6.20
-156981.298    51.100   -10.93    4.41
-156605.437    48.499    -6.92    3.99
-156229.573    47.087    -3.76    2.70
-155853.704    48.100     2.69    4.42
-155477.833    52.903    12.78    8.71
-155101.957    56.209     8.80    8.09
-154726.077    55.393    -2.17    7.55
-154350.194    54.640    -2.00    6.97
-153974.307    55.928     3.43    8.81
-153598.417    62.867    18.46   12.18
-153222.523    69.512    17.68    8.68
-152846.625    69.183    -0.88    7.51
-152470.723    69.512     0.88    7.97
-152094.818    69.287    -0.60    8.77
-151718.908    73.185    10.37   10.24
-151342.996    76.062     7.65    9.37
-150967.079    76.154     0.24   10.67
-150591.159    74.586    -4.17   11.87
-150215.235    69.525   -13.46   13.51
-149839.307    66.687    -7.55   13.37
-149463.375    64.154    -6.74   10.90
-149087.440    62.672    -3.94   11.12
-148711.501    61.525    -3.05   10.50
-148335.558    56.262   -14.00   10.61
-147959.612    52.181   -10.86    8.97
-147583.661    49.082    -8.24    6.06
-147207.707    47.183    -5.05    5.90
-146831.750    46.095    -2.89    5.97
-146455.788    43.709    -6.35    3.06
-146079.823    45.512     4.79    6.59
-145703.854    47.595     5.54    8.04
-145327.881    50.544     7.84    7.82
-144951.905    52.776     5.94    7.52
-144575.924    52.235    -1.44    7.01
-144199.940    51.883    -0.93    6.72
-143823.953    53.025     3.04    6.76
-143447.961    54.212     3.16    7.16
-143071.966    57.505     8.76    7.08
-142695.967    60.312     7.46    6.62
-142319.964    62.314     5.33    6.75
-141943.957    61.841    -1.26    7.35
-141567.947    60.154    -4.49    8.04
-141191.933    58.108    -5.44    6.48
-140815.915    57.156    -2.53    4.45
-140439.893    57.428     0.72    4.20
-140063.868    56.980    -1.19    4.45
-139687.838    57.345     0.97    4.00
-139311.805    57.980     1.69    4.12
-138935.768    59.954     5.25    4.67
-138559.728    62.040     5.55    5.18
-138183.683    66.370    11.52    9.39
-137807.635    71.856    14.59   12.00
-137431.583    76.183    11.50   12.36
-137055.527    80.712    12.04   12.06
-136679.468    81.640     2.47   11.90
-136303.404    84.537     7.70   10.68
-135927.337    92.031    19.93   12.36
-135551.266    99.420    19.65   13.83
-135175.191   108.748    24.80   11.12
-134799.113   117.082    22.16   11.19
-134423.030   124.262    19.09   12.04
-134046.944   130.540    16.69   10.33
-133670.854   132.954     6.42   11.06
-133294.760   130.067    -7.68   13.39
-132918.662   123.749   -16.80   15.08
-132542.561   114.031   -25.84   15.66
-132166.456   109.519   -12.00   11.74
-131790.346   107.451    -5.50   13.08
-131414.233   104.532    -7.76   13.78
-131038.117   100.578   -10.51   14.34
-130661.996    91.337   -24.57   15.40
-130285.872    83.046   -22.04   13.06
-129909.743    78.140   -13.04    9.30
-129533.611    74.057   -10.86    7.01
-129157.475    72.762    -3.44    5.66
-128781.336    72.343    -1.11    3.74
-128405.192    73.826     3.94    4.96
-128029.045    78.493    12.41    9.51
-127652.893    88.762    27.30   18.51
-127276.738   102.698    37.05   23.27
-126900.579   116.095    35.62   21.96
-126524.416   121.187    13.54   21.98
-126148.250   126.569    14.31   25.14
-125772.079   128.919     6.25   23.79
-125395.905   120.883   -21.36   23.77
-125019.727   113.578   -19.42   26.06
-124643.545   111.893    -4.48   25.34
-124267.359   110.493    -3.72   23.12
-123891.169   116.208    15.19   25.01
-123514.975   128.359    32.30   26.20
-123138.778   137.800    25.09   25.36
-122762.577   140.893     8.22   19.95
-122386.371   143.156     6.02   19.57
-122010.162   141.313    -4.90   20.27
-121633.949   136.800   -11.99   22.90
-121257.732   138.956     5.73   22.87
-120881.512   136.544    -6.41   24.47
-120505.287   128.262   -22.01   23.36
-120129.059   127.621    -1.70   20.74
-119752.826   124.928    -7.16   20.28
-119376.590   123.147    -4.73   17.06
-119000.350   129.829    17.76   16.75
-118624.106   136.100    16.66   17.76
-118247.858   143.788    20.43   15.56
-117871.606   151.544    20.61   14.80
-117495.351   155.901    11.58   15.35
-117119.091   165.408    25.27   12.78
-116742.828   173.441    21.35   12.04
-116366.560   181.829    22.29   13.16
-115990.289   188.057    16.55   13.73
-115614.014   192.262    11.18   13.13
-115237.735   192.262     0.00   12.30
-114861.452   194.790     6.72   12.08
-114485.165   197.621     7.52   11.82
-114108.875   204.956    19.49   16.05
-113732.580   214.569    25.55   19.04
-113356.281   229.862    40.64   21.65
-112979.979   244.919    40.01   18.61
-112603.673   258.478    36.03   14.39
-112227.362   262.018     9.41   11.91
-111851.048   261.920    -0.26   12.41
-111474.730   258.937    -7.92   15.38
-111098.408   259.991     2.80   17.88
-110722.082   263.162     8.42   20.12
-110345.752   271.441    22.00   17.58
-109969.418   275.991    12.09   11.11
-109593.081   275.544    -1.19   10.75
-109216.739   274.183    -3.62   11.71
-108840.393   272.031    -5.72    9.66
-108464.044   269.856    -5.78    8.14
-108087.690   267.698    -5.74    7.59
-107711.333   262.586   -13.58   10.20
-107334.972   255.621   -18.51   11.37
-106958.606   248.787   -18.16   10.85
-106582.237   245.662    -8.30   10.93
-106205.864   244.640    -2.71   10.34
-105829.487   244.235    -1.08    9.61
-105453.106   244.397     0.43    6.83
-105076.721   239.262   -13.64    8.62
-104700.332   234.790   -11.88    6.83
-104323.939   232.787    -5.32    6.68
-103947.542   231.210    -4.19    7.83
-103571.141   231.127    -0.22    7.39
-103194.736   230.775    -0.94    6.13
-102819.084   231.841     2.84    6.34
-102443.469   233.749     5.08    7.85
-102067.850   234.841     2.91    6.93
-101692.227   235.698     2.28    6.24
-101316.600   235.532    -0.44    4.54
-100940.969   237.104     4.18    4.53
-100565.334   239.962     7.61    6.60
-100189.695   244.147    11.14    8.98
 -99814.052   247.073     7.79    9.41
 -99438.405   249.748     7.12    8.80
 -99062.754   250.478     1.94    7.15
 -98687.100   252.910     6.48    6.28
 -98311.441   256.956    10.77    7.44
 -97935.778   263.912    18.51    8.31
 -97560.112   268.595    12.47    6.73
 -97184.441   271.505     7.75    7.31
 -96808.767   273.723     5.90    9.50
 -96433.088   277.130     9.07   11.93
 -96057.406   279.749     6.97   10.47
 -95681.719   278.367    -3.68   12.08
 -95306.029   271.723   -17.68   16.33
 -94930.334   262.802   -23.74   15.82
 -94554.636   254.595   -21.84   15.84
 -94178.934   249.437   -13.73   18.03
 -93803.227   243.345   -16.21   21.54
 -93427.517   236.316   -18.71   20.54
 -93051.802   226.829   -25.25   20.55
 -92676.084   218.370   -22.51   19.10
 -92300.362   211.100   -19.35   15.69
 -91924.635   205.690   -14.40   14.50
 -91548.905   198.762   -18.44   11.50
 -91173.171   196.595    -5.77   10.19
 -90797.432   196.397    -0.53   10.59
 -90421.690   197.134     1.96   12.09
 -90045.944   198.762     4.33   13.83
 -89670.193   193.057   -15.18   12.83
 -89294.439   188.209   -12.90   11.46
 -88918.681   187.749    -1.22    8.90
 -88542.918   189.775     5.39    9.27
 -88167.152   193.518     9.96    9.44
 -87791.381   195.337     4.84    8.93
 -87415.607   199.095    10.00    8.16
 -87039.828   200.802     4.54    9.76
 -86664.046   202.937     5.68    9.72
 -86288.260   206.451     9.35    9.88
 -85912.469   210.578    10.98    8.39
 -85536.674   213.540     7.88    8.69
 -85160.876   221.362    20.81   12.32
 -84785.073   227.082    15.22   11.65
 -84409.267   230.478     9.04    9.89
 -84033.456   228.851    -4.33   10.59
 -83657.641   224.025   -12.84   10.87
 -83281.823   216.209   -20.80   10.83
 -82906.000   209.640   -17.48    9.64
 -82530.173   204.903   -12.60    8.22
 -82154.342   201.775    -8.32    7.34
 -81778.507   202.210     1.16    9.12
 -81402.668   203.987     4.73    9.51
 -81026.825   205.595     4.28    8.62
 -80650.978   206.100     1.34    8.52
 -80275.127   205.478    -1.65   10.12
 -79899.272   209.370    10.35   12.58
 -79523.413   212.313     7.83   12.32
 -79147.549   213.123     2.15    9.16
 -78771.682   210.537    -6.88   10.28
 -78395.811   205.749   -12.74    9.43
 -78019.935   201.235   -12.01    9.90
 -77644.056   194.544   -17.80   11.10
 -77268.172   189.185   -14.26   12.08
 -76892.284   183.826   -14.26   12.08
 -76516.393   178.999   -12.84    9.69
 -76140.497   173.621   -14.31    9.16
 -75764.597   168.883   -12.60    9.11
 -75388.693   167.672    -3.22    9.54
 -75012.785   166.612    -2.82   10.35
 -74636.873   162.817   -10.09   11.31
 -74260.957   158.829   -10.61   11.42
 -73885.037   155.910    -7.76   11.09
 -73509.112   152.748    -8.41   10.58
 -73133.184   156.518    10.03   13.70
 -72757.251   158.206     4.49   13.70
 -72381.315   162.954    12.63   11.62
 -72005.374   165.893     7.82   12.14
 -71629.429   165.289    -1.61   11.96
 -71253.480   170.262    13.23   13.31
 -70877.527   177.493    19.23   14.47
 -70501.570   185.416    21.07   12.01
 -70125.609   187.867     6.52   11.36
 -69749.644   187.437    -1.14   11.55
 -69373.674   184.604    -7.53   11.74
 -68997.701   188.812    11.19   15.07
 -68621.723   207.737    50.33   39.46
 -68245.741   226.678    50.38   43.93
 -67869.756   250.397    63.08   45.34
 -67493.766   257.559    19.05   44.79
 -67117.772   237.073   -54.49   45.06
 -66741.773   209.569   -73.15   43.87
 -66365.771   189.397   -53.65   29.22
 -65989.765   180.800   -22.86   11.22
 -65613.754   188.578    20.68   15.83
 -65237.739   196.289    20.51   12.41
 -64861.721   199.390     8.25    8.29
 -64485.698   203.108     9.89   16.22
 -64109.671   203.903     2.11   18.42
 -63733.639   201.920    -5.27   19.49
 -63357.604   204.412     6.63   16.14
 -62981.565   207.209     7.44   14.50
 -62605.521   214.457    19.27   19.14
 -62229.473   221.262    18.10   18.45
 -61853.421   229.623    22.23   19.38
 -61477.365   239.154    25.34   29.62
 -61101.305   252.694    36.01   36.94
 -60725.241   258.127    14.45   35.00
 -60349.172   258.082    -0.12   28.42
 -59973.100   253.512   -12.15   24.72
 -59597.023   248.775   -12.60   24.74
 -59220.942   239.920   -23.54   22.09
 -58844.857   223.706   -43.11   23.14
 -58468.768   217.287   -17.07   24.63
 -58092.674   208.262   -24.00   22.49
 -57716.577   202.621   -15.00   24.79
 -57340.475   207.788    13.74   28.83
 -56964.369   202.362   -14.43   30.50
 -56588.259   194.920   -19.79   35.15
 -56212.145   183.237   -31.06   32.63
 -55836.026   168.749   -38.52   17.75
 -55459.904   160.012   -23.23    9.58
 -55083.777   155.343   -12.41   11.49
 -54707.646   148.208   -18.97   12.80
 -54331.511   143.972   -11.26    8.48
 -53955.372   140.108   -10.27    6.67
 -53579.228   138.690    -3.77    6.95
 -53203.081   138.903     0.56    8.29
 -52826.929   136.841    -5.48    8.39
 -52450.773   134.694    -5.71    7.23
 -52074.613   132.236    -6.53    5.87
 -51698.448   129.893    -6.23    5.50
 -51322.280   125.980   -10.40    6.94
 -50946.107   122.595    -9.00    7.19
 -50569.930   120.537    -5.47    6.40
 -50193.749   119.613    -2.46    6.97
 -49817.563   119.339    -0.73    6.84
 -49441.374   117.544    -4.77    6.75
 -49065.180   114.317    -8.58    6.84
 -48688.982   112.667    -4.39    7.57
 -48312.780   115.130     6.55   11.11
 -47936.573   121.104    15.88   14.20
 -47560.363   129.390    22.02   12.49
 -47184.148   132.625     8.60   11.58
 -46807.929   128.518   -10.92   12.90
 -46431.705   123.709   -12.78   10.99
 -46055.478   124.316     1.61    8.64
 -45679.246   126.416     5.58    7.48
 -45303.010   128.613     5.84    6.26
 -44926.770   126.595    -5.36    7.23
 -44550.526   125.646    -2.52    6.62
 -44174.277   124.313    -3.54    5.20
 -43798.024   123.424    -2.36    5.71
 -43421.767   119.903    -9.36    6.81
 -43045.506   115.364   -12.06    6.68
 -42669.240   111.123   -11.27    5.40
 -42292.971   108.420    -7.18    4.89
 -41916.696   105.937    -6.60    5.78
 -41540.418   104.999    -2.50    6.61
 -41164.136   103.108    -5.02    6.90
 -40787.849    99.668    -9.14    6.37
 -40411.558    96.472    -8.49    7.77
 -40035.263    93.928    -6.76    7.89
 -39658.963    90.370    -9.46    8.53
 -39282.659    86.057   -11.46    9.85
 -38906.351    81.018   -13.39    9.41
 -38530.039    78.057    -7.87    8.07
 -38153.723    75.159    -7.70    6.54
 -37777.402    73.236    -5.11    6.91
 -37401.077    72.910    -0.87    7.47
 -37024.748    73.262     0.93    7.49
 -36648.414    73.877     1.64    8.51
 -36272.076    76.262     6.34    9.07
 -35895.734    76.646     1.02    9.20
 -35519.388    74.748    -5.04    9.14
 -35143.037    74.903     0.41    9.18
 -34766.682    74.928     0.07    8.21
 -34390.323    74.418    -1.36    8.35
 -34013.959    71.159    -8.66    8.70
 -33637.592    67.928    -8.58    8.26
 -33261.220    69.046     2.97    8.19
 -32884.843    69.185     0.37    7.84
 -32508.463    72.532     8.89    7.83
 -32132.078    75.595     8.14    8.03
 -31755.689    73.134    -6.54    8.97
 -31379.295    68.867   -11.34   10.91
 -31002.897    64.082   -12.71   10.09
 -30626.495    59.672   -11.72    6.92
 -30250.089    57.057    -6.95    4.90
 -29873.678    56.316    -1.97    4.95
 -29497.263    54.877    -3.82    4.08
 -29120.844    56.721     4.90    6.47
 -28744.421    64.646    21.05   14.11
 -28367.993    95.031    80.72   59.79
 -27991.861   128.699    89.51   76.29
 -27616.291   140.005    30.10   80.14
 -27240.716   133.505   -17.31   81.90
 -26865.137   103.999   -78.56   59.76
 -26489.554    81.235   -60.61   15.58
 -26113.966    77.845    -9.03    7.98
 -25738.375    76.562    -3.42    8.70
 -25362.778    75.826    -1.96    8.99
 -24987.178    77.709     5.01    8.63
 -24611.573    78.903     3.18    7.15
 -24235.964    80.108     3.21    5.30
 -23860.351    80.903     2.12    4.50
 -23484.733    78.802    -5.59    4.21
 -23109.111    77.621    -3.15    4.43
 -22733.485    75.290    -6.21    5.02
 -22357.854    74.287    -2.67    5.83
 -21982.219    73.031    -3.34    6.00
 -21606.580    73.056     0.07    5.91
 -21230.937    71.478    -4.20    6.56
 -20855.289    68.316    -8.42    7.34
 -20479.637    65.972    -6.24    7.21
 -20103.980    60.341   -14.99    6.89
 -19728.319    55.883   -11.87    6.84
 -19352.654    53.311    -6.85    5.64
 -18976.984    52.877    -1.15    5.23
 -18601.311    55.341     6.56    6.16
 -18225.632    58.057     7.23    4.09
 -17849.950    56.999    -2.82    4.91
 -17474.263    54.646    -6.26    6.00
 -17098.572    51.456    -8.49    4.64
 -16722.876    49.082    -6.32    5.06
 -16347.177    45.991    -8.23    5.64
 -15971.472    42.698    -8.77    5.65
 -15595.764    40.698    -5.32    4.36
 -15220.051    41.005     0.82    5.43
 -14844.334    43.235     5.94    6.86
 -14468.612    48.235    13.31    6.13
 -14092.886    50.867     7.01    5.96
 -13717.156    52.364     3.99    5.00
 -13341.421    52.234    -0.35    4.75
 -12965.682    51.384    -2.26    5.16
 -12589.938    49.262    -5.65    4.71
 -12214.191    48.532    -1.94    3.73
 -11838.439    47.262    -3.38    4.88
 -11462.682    46.698    -1.50    5.28
 -11086.921    46.262    -1.16    5.15
 -10711.156    44.790    -3.92    5.60
 -10335.386    41.493    -8.77    6.23
  -9959.612    37.451   -10.76    5.95
  -9583.834    34.587    -7.62    4.29
  -9208.051    33.887    -1.86    4.97
  -8832.264    35.262     3.66    7.05
  -8456.472    38.532     8.70    7.24
  -8080.677    39.586     2.80    6.12
  -7704.876    38.735    -2.26    5.96
  -7329.072    37.612    -2.99    5.43
  -6953.262    36.100    -4.02    4.31
  -6577.449    34.912    -3.16    4.26
  -6201.631    33.672    -3.30    4.32
  -5825.809    31.393    -6.06    4.53
  -5449.982    28.762    -7.00    5.45
  -5074.151    25.646    -8.29    5.41
  -4698.316    21.416   -11.26    5.25
  -4322.476    17.867    -9.44    4.73
  -3946.632    14.312    -9.46    3.92
  -3570.783    11.393    -7.76    3.23
  -3194.930     9.387    -5.34    2.69
  -2819.072     7.437    -5.19    2.01
  -2443.211     6.540    -2.39    1.77
  -2067.344     5.640    -2.39    2.24
  -1691.474     4.667    -2.59    2.24
  -1315.598     4.287    -1.01    2.19
   -939.719     4.237    -0.13    1.83
   -563.835     3.802    -1.16    2.76
   -187.946     2.362    -3.83    3.66
    187.946     0.544    -4.84    3.29
    563.844     1.451     2.41    4.24
    939.745     5.656    11.19    6.55
   1315.651     9.954    11.43    6.25
   1691.562    13.185     8.59    4.19
   2067.477    13.446     0.69    4.40
   2443.396    11.337    -5.61    5.16
   2819.320     7.532   -10.12    3.42
   3195.249     6.187    -3.58    2.36
   3571.181     6.518     0.88    3.44
   3947.119     6.991     1.26    3.88
   4323.060     7.370     1.01    3.80
   4699.006     7.262    -0.29    3.06
   5074.957     7.698     1.16    2.31
   5450.912     9.928     5.93    3.58
   5826.871    11.613     4.48    3.71
   6202.835    13.762     5.72    3.46
   6578.803    15.525     4.69    3.03
   6954.776    15.613     0.23    2.54
   7330.754    16.595     2.61    2.26
   7706.735    17.518     2.46    2.44
   8082.721    18.595     2.86    2.53
   8458.712    19.446     2.26    2.90
   8834.707    20.012     1.50    3.54
   9210.707    19.694    -0.84    4.25
   9586.711    19.920     0.60    3.84
   9962.719    20.134     0.57    3.27
  10338.732    21.181     2.78    3.41
  10714.750    23.154     5.25    3.69
  11090.772    25.856     7.19    3.55
  11466.798    27.672     4.83    3.76
  11842.829    28.441     2.05    3.46
  12218.865    28.316    -0.33    3.46
  12594.905    28.723     1.08    3.32
  12970.949    30.104     3.67    3.60
  13346.998    31.532     3.80    3.32
  13723.051    33.112     4.20    3.26
  14099.109    34.920     4.81    3.31
  14475.172    37.183     6.02    3.45
  14851.238    40.025     7.56    3.27
  15227.310    42.062     5.42    3.44
  15603.386    43.937     4.99    2.90
  15979.466    44.945     2.68    2.92
  16355.551    45.800     2.27    2.86
  16731.640    46.100     0.80    3.11
  17107.734    46.829     1.94    2.96
  17483.833    47.316     1.29    3.01
  17859.935    47.800     1.29    2.44
  18236.043    48.467     1.77    2.24
  18612.155    48.734     0.71    2.52
  18988.271    48.630    -0.28    2.70
  19364.392    47.964    -1.77    2.69
  19740.518    47.314    -1.73    2.92
  20116.648    45.912    -3.73    3.79
  20492.782    44.154    -4.67    3.85
  20868.921    43.814    -0.90    3.26
  21245.065    44.683     2.31    3.51
  21621.213    45.723     2.77    2.95
  21997.366    46.073     0.93    3.37
  22373.523    45.512    -1.49    4.12
  22749.685    45.367    -0.38    3.65
  23125.851    46.289     2.45    3.75
  23502.022    48.127     4.89    4.32
  23878.197    50.694     6.83    4.39
  24254.377    51.851     3.08    4.04
  24630.562    53.031     3.14    3.58
  25006.751    54.208     3.13    3.62
  25382.944    55.424     3.23    3.53
  25759.142    57.073     4.38    3.46
  26135.345    58.025     2.53    2.94
  26511.552    57.662    -0.97    3.43
  26887.764    56.721    -2.50    4.07
  27263.980    54.467    -5.99    4.95
  27640.201    52.656    -4.81    4.54
  28016.427    52.005    -1.73    3.90
  28392.657    51.046    -2.55    4.04
  28768.891    50.737    -0.82    3.72
  29145.131    50.920     0.49    4.08
  29521.374    50.762    -0.42    4.64
  29897.623    50.078    -1.82    4.34
  30273.875    48.817    -3.35    4.39
  30650.133    46.441    -6.32    4.12
  31026.395    44.980    -3.88    2.91
  31402.662    45.127     0.39    2.82
  31778.933    46.613     3.95    3.12
  32155.209    48.505     5.03    3.07
  32531.489    50.646     5.69    3.19
  32907.774    52.362     4.56    3.44
  33284.063    53.073     1.89    3.83
  33660.358    53.962     2.36    3.80
  34036.656    54.051     0.24    3.73
  34412.960    54.288     0.63    3.01
  34789.268    55.235     2.52    3.28
  35165.580    56.518     3.41    3.80
  35541.897    58.236     4.57    3.85
  35918.219    60.484     5.97    3.57
  36294.545    61.877     3.70    3.27
  36670.876    63.235     3.61    2.96
  37047.212    64.662     3.79    3.03
  37423.552    66.749     5.55    3.57
  37799.897    68.984     5.94    3.34
  38176.246    69.964     2.61    2.60
  38552.600    69.856    -0.29    3.48
  38928.959    69.420    -1.16    4.07
  39305.322    69.712     0.78    4.38
  39681.690    70.316     1.60    4.23
  40058.062    71.112     2.11    3.98
  40434.439    70.493    -1.65    3.57
  40810.821    69.130    -3.62    3.80
  41187.207    69.367     0.63    4.43
  41563.598    70.441     2.85    5.06
  41939.994    71.928     3.95    3.87
  42316.394    71.604    -0.86    4.23
  42692.799    69.416    -5.81    4.68
  43069.209    67.127    -6.08    4.05
  43445.623    66.912    -0.57    3.77
  43822.041    68.537     4.32    4.07
  44198.465    70.456     5.10    4.86
  44574.893    73.694     8.60    4.59
  44951.326    76.127     6.46    3.51
  45327.763    77.127     2.66    3.61
  45704.205    77.698     1.52    3.60
  46080.652    77.623    -0.20    3.18
  46457.103    77.621    -0.01    3.20
  46833.559    77.031    -1.57    3.88
  47209.322    77.046     0.04    4.04
  47584.854    78.364     3.51    4.52
  47960.390    80.262     5.05    5.04
  48335.931    83.544     8.74    4.65
  48711.476    85.814     6.05    4.32
  49087.027    87.837     5.39    3.71
  49462.581    90.341     6.67    3.32
  49838.141    91.637     3.45    2.27
  50213.705    92.237     1.60    1.80
  50589.274    92.373     0.36    1.86
  50964.847    92.154    -0.58    2.22
  51340.425    92.289     0.36    2.75
  51716.008    93.185     2.39    3.87
  52091.596    93.185     0.00    4.02
  52467.188    93.154    -0.08    3.87
  52842.784    93.212     0.15    3.84
  53218.386    93.709     1.32    4.32
  53593.992    94.451     1.98    4.62
  53969.603    92.262    -5.83    5.97
  54345.218    88.313   -10.51    6.76
  54720.838    83.814   -11.98    6.25
  55096.463    81.288    -6.73    3.82
  55472.092    82.212     2.46    4.36
  55847.727    84.667     6.54    4.72
  56223.365    86.579     5.09    4.13
  56599.009    89.082     6.66    4.42
  56974.657    92.316     8.61    5.88
  57350.310    95.613     8.78    6.25
  57725.967    98.586     7.91    5.02
  58101.630    99.980     3.71    4.33
  58477.296    99.313    -1.77    3.61
  58852.968    97.883    -3.81    3.66
  59228.644    95.518    -6.30    4.58
  59604.325    92.595    -7.78    4.68
  59980.011    90.578    -5.37    4.26
  60355.701    89.569    -2.68    3.79
  60731.396    89.262    -0.82    3.78
  61107.096    89.156    -0.28    3.99
  61482.801    89.288     0.35    3.82
  61858.510    89.987     1.86    3.92
  62234.224    92.397     6.41    5.36
  62609.942    95.062     7.09    5.82
  62985.666    98.788     9.92    5.23
  63361.394   102.721    10.47    4.96
  63737.127   106.343     9.64    5.40
  64112.864   109.401     8.14    5.12
  64488.606   109.672     0.72    5.62
  64864.353   110.185     1.36    5.38
  65240.105   109.667    -1.38    4.44
  65615.861   110.057     1.04    3.78
  65991.622   111.317     3.36    3.70
  66367.388   113.893     6.86    5.07
  66743.159   117.762    10.29    5.80
  67118.934   123.018    13.99    6.50
  67494.714   128.723    15.18    6.71
  67870.499   131.877     8.39    5.82
  68246.288   130.762    -2.97    6.66
  68622.083   127.393    -8.96    6.53
  68997.882   126.437    -2.55    6.12
  69373.685   129.316     7.66    8.87
  69749.494   135.235    15.75    8.96
  70125.307   139.288    10.79    6.77
  70501.125   137.887    -3.73    8.38
  70876.948   130.339   -20.08   11.11
  71252.775   122.499   -20.86    9.96
  71628.608   119.532    -7.89    8.22
  72004.445   120.235     1.87    8.65
  72380.286   124.678    11.82    7.96
  72756.133   127.518     7.56    6.69
  73131.984   128.108     1.57    6.23
  73507.840   126.478    -4.34    5.66
  73883.701   122.851    -9.65    6.97
  74259.567   118.851   -10.64    7.17
  74635.437   113.031   -15.49    7.91
  75011.312   108.721   -11.47    6.52
  75387.192   107.954    -2.04    5.29
  75763.077   108.505     1.47    5.10
  76138.966   111.420     7.75    5.87
  76514.861   115.087     9.76    6.16
  76890.760   118.321     8.60    6.64
  77266.664   122.416    10.89    6.03
  77642.572   125.867     9.18    5.84
  78018.486   129.999    10.99    6.90
  78394.404   133.073     8.18    8.31
  78770.327   134.678     4.27   10.22
  79146.254   135.362     1.82   10.20
  79522.187   134.954    -1.08    9.13
  79898.124   136.762     4.81    7.49
  80274.067   137.787     2.73    6.52
  80650.014   139.082     3.45    5.86
  81025.965   142.928    10.23    7.63
  81401.922   146.446     9.36    8.48
  81777.883   150.698    11.31    8.52
  82153.850   156.397    15.16    7.52
  82529.821   161.551    13.71    8.68
  82905.796   166.362    12.80    9.11
  83281.777   171.205    12.88    7.62
  83657.762   176.416    13.86    7.47
  84033.753   181.235    12.82    8.97
  84409.748   184.667     9.13    9.61
  84785.748   191.208    17.40   10.34
  85161.752   196.178    13.22   11.92
  85537.762   202.787    17.58   17.33
  85913.776   209.262    17.22   16.49
  86289.796   210.604     3.57   15.98
  86665.820   203.826   -18.03   19.45
  87041.849   193.893   -26.42   16.90
  87417.882   187.903   -15.93   10.62
  87793.921   185.604    -6.11   10.52
  88169.964   184.441    -3.09   10.56
  88546.012   179.018   -14.42   10.24
  88922.066   172.313   -17.83   10.49
  89298.123   169.112    -8.51    8.66
  89674.186   164.901   -11.20   10.34
  90050.254   164.127    -2.06   10.66
  90426.326   166.856     7.26    9.69
  90802.404   171.532    12.43   12.14
  91178.486   178.181    17.68   11.49
  91554.573   182.123    10.48    7.93
  91930.665   182.137     0.04    9.28
  92306.761   179.134    -7.99    9.36
  92682.863   178.316    -2.17    8.34
  93058.970   181.672     8.92    9.00
  93435.081   185.735    10.80   10.84
  93811.197   189.903    11.08   11.50
  94187.318   195.262    14.25   10.50
  94563.444   197.544     6.07    9.43
  94939.575   203.630    16.18   12.74
  95315.711   210.108    17.22   11.78
  95691.851   218.737    22.94   15.91
  96067.997   231.040    32.71   18.27
  96444.147   239.208    21.72   16.20
  96820.302   247.920    23.16   11.91
  97196.462   249.370     3.86   12.96
  97572.627   247.980    -3.70   12.31
  97948.797   250.056     5.52   11.85
  98324.972   257.312    19.29   16.18
  98701.152   263.903    17.52   16.93
  99077.336   271.100    19.13   16.72
  99453.526   275.441    11.54   15.04
  99829.720   279.208    10.01   14.46
 100205.919   279.185    -0.06   15.09
 100582.124   275.698    -9.27   16.88
 100958.333   274.826    -2.32   15.91
 101334.547   268.078   -17.94   14.17
 101710.765   266.518    -4.15   13.21
 102086.989   262.337   -11.11   14.80
 102463.218   255.397   -18.45   14.18
 102839.451   246.108   -24.69   14.00
 103215.690   239.709   -17.01   12.70
 103591.933   235.210   -11.96   10.90
 103968.182   230.236   -13.22   12.50
 104344.435   225.449   -12.72   12.84
 104720.693   218.595   -18.22    7.94
 105096.956   214.082   -11.99    5.73
 105473.224   211.802    -6.06    4.88
 105849.497   210.236    -4.16    5.95
 106225.775   208.235    -5.32    6.10
 106602.058   208.087    -0.39    5.83
 106978.346   207.082    -2.67    5.58
 107354.639   205.156    -5.12    5.48
 107730.936   201.903    -8.65    6.60
 108107.239   197.877   -10.70    5.06
 108483.546   194.954    -7.77    4.07
 108859.859   192.613    -6.22    2.53
 109236.176   191.954    -1.75    2.73
 109612.499   192.018     0.17    3.08
 109988.826   193.082     2.83    3.96
 110365.158   195.712     6.99    4.86
 110741.496   197.938     5.92    5.13
 111117.838   200.518     6.86    8.26
 111494.185   200.802     0.75   12.72
 111870.537   199.446    -3.60   17.89
 112246.894   192.127   -19.45   18.08
 112623.256   184.984   -18.98   11.17
 112999.623   178.687   -16.73    5.51
 113375.995   175.595    -8.21    5.23
 113752.372   172.156    -9.14    4.91
 114128.754   167.621   -12.05    5.30
 114505.141   164.031    -9.54    5.81
 114881.532   160.672    -8.92    6.30
 115257.929   156.262   -11.72    6.00
 115634.331   154.082    -5.79    5.84
 116010.738   152.018    -5.48    6.34
 116387.150   150.972    -2.78    6.79
 116763.566   149.212    -4.68    7.19
 117139.988   146.205    -7.99    7.09
 117516.415   144.134    -5.50    7.37
 117892.846   141.370    -7.34    7.37
 118269.283   136.208   -13.71    7.56
 118645.725   133.046    -8.40    6.52
 119022.172   131.040    -5.33    5.86
 119398.623   129.987    -2.80    5.85
 119775.080   129.262    -1.93    5.70
 120151.542   127.937    -3.52    5.90
 120528.008   124.416    -9.36    6.63
 120904.480   120.604   -10.13    7.86
 121280.957   114.937   -15.05    7.12
 121657.438   112.841    -5.57    5.84
 122033.775   113.877     2.75    6.21
 122409.268   117.856    10.60    7.38
 122784.766   123.339    14.60    7.10
 123160.268   125.912     6.85    6.15
 123535.776   126.397     1.29    4.88
 123911.289   124.964    -3.81    4.87
 124286.807   120.656   -11.47    6.00
 124662.330   116.775   -10.34    6.61
 125037.857   110.788   -15.94    7.48
 125413.390   106.833   -10.53    5.46
 125788.928   108.212     3.67    6.11
 126164.471   111.569     8.94    8.96
 126540.019   116.883    14.15    9.30
 126915.572   124.031    19.03    8.55
 127291.129   129.991    15.87    7.54
 127666.692   133.980    10.62    7.04
 128042.260   138.416    11.81    7.31
 128417.833   141.912     9.31    6.91
 128793.411   144.788     7.66    4.69
 129168.994   144.108    -1.81    5.31
 129544.582   141.787    -6.18    6.71
 129920.175   137.428   -11.60    6.32
 130295.773   133.316   -10.95    5.84
 130671.376   130.156    -8.41    5.76
 131046.984   128.814    -3.57    5.55
 131422.597   127.134    -4.48    5.23
 131798.215   127.201     0.18    4.90
 132173.838   130.341     8.36    6.14
 132549.466   134.762    11.77    7.33
 132925.099   138.397     9.68    5.95
 133300.738   140.954     6.81    4.70
 133676.381   140.883    -0.19    5.73
 134052.029   140.723    -0.43    6.67
 134427.683   140.595    -0.34    7.65
 134803.341   139.569    -2.73    7.54
 135179.004   138.127    -3.84    6.52
 135554.673   135.487    -7.03    6.46
 135930.346   133.209    -6.06    5.59
 136306.025   132.178    -2.74    5.48
 136681.709   132.578     1.06    4.88
 137057.398   134.883     6.14    5.47
 137433.091   137.185     6.13    5.72
 137808.790   142.082    13.04    5.40
 138184.494   145.547     9.22    5.15
 138560.203   147.235     4.49    5.13
 138935.917   146.478    -2.01    6.86
 139311.636   145.446    -2.75    6.74
 139687.360   144.312    -3.02    6.43
 140063.090   143.802    -1.36    5.12
 140438.824   144.687     2.35    5.04
 140814.564   145.946     3.35    5.01
 141190.308   148.493     6.78    5.94
 141566.058   152.262    10.03    5.93
 141941.812   154.851     6.89    5.94
 142317.572   157.788     7.82    5.04
 142693.337   160.317     6.73    4.57
 143069.107   162.236     5.11    5.53
 143444.882   164.991     7.33    5.83
 143820.662   167.005     5.36    5.50
 144196.447   169.621     6.96    4.99
 144572.237   173.073     9.19    5.11
 144948.033   175.748     7.12    5.40
 145323.833   178.505     7.34    5.64
 145699.639   182.749    11.29    5.61
 146075.450   185.823     8.18    5.03
 146451.266   187.748     5.12    4.01
 146827.086   188.287     1.43    5.66
 147202.912   185.130    -8.40    7.55
 147578.744   182.551    -6.86    6.58
 147954.580   181.775    -2.07    4.85
 148330.421   185.082     8.80   10.15
 148706.268   190.525    14.48   10.92
 149082.119   192.339     4.83   10.16
 149457.976   188.462   -10.32    9.65
 149833.838   183.559   -13.04    8.05
 150209.705   179.562   -10.64    6.22
 150585.577   178.287    -3.39    5.93
 150961.454   180.018     4.61    6.91
 151337.337   184.910    13.02    7.33
 151713.224   190.178    14.02    6.06
 152089.117   192.412     5.94    5.64
 152465.015   196.362    10.51    5.49
 152840.918   199.078     7.23    5.55
 153216.826   201.937     7.61    5.58
 153592.739   203.814     5.00    6.13
 153968.657   204.212     1.06    6.95
 154344.581   204.851     1.70    6.21
 154720.509   204.920     0.18    5.78
 155096.443   204.525    -1.05    5.12
 155472.382   203.518    -2.68    5.59
 155848.326   204.387     2.31    4.99
 156224.275   207.478     8.22    7.14
 156600.230   211.687    11.20    8.82
 156976.189   217.999    16.79    7.98
 157352.154   224.078    16.17    6.71
 157728.124   229.964    15.66    6.08
 158104.099   236.119    16.37    8.21
 158480.079   250.262    37.62   23.97
 158856.065   273.187    60.98   38.52
 159232.055   305.046    84.74   58.37
 159608.051   348.646   115.97   79.98
 159984.052   384.123    94.36   73.87
 160360.058   399.057    39.72   71.99
 160736.069   382.313   -44.53   83.71
 161112.086   349.130   -88.25   79.24
 161488.107   306.441  -113.53   60.20
 161864.134   281.595   -66.08   29.88
 162240.166   276.993   -12.24   24.13
 162616.203   279.051     5.47   33.06
 162992.246   291.587    33.34   46.67
 163368.293   302.946    30.21   48.35
 163744.346   307.262    11.48   45.10
 164120.404   322.262    39.89   52.48
 164496.467   341.174    50.29   56.54
 164872.536   344.672     9.30   56.09
 165248.609   342.104    -6.83   56.25
 165624.688   335.883   -16.54   46.64
 166000.772   343.775    20.98   44.09
 166376.861   355.734    31.80   43.05
 166752.956   373.646    47.63   53.76
 167129.055   399.826    69.61   62.04
 167505.160   424.100    64.54   55.28
 167881.270   416.587   -19.98   56.81
 168257.385   386.928   -78.86   69.71
 168633.506   356.826   -80.04   65.69
 169009.632   337.856   -50.44   47.10
 169385.763   339.749     5.03   44.03
 169761.899   360.343    54.75   42.45
 170138.040   381.367    55.90   39.77
 170514.187   395.339    37.15   41.41
 170890.339   411.290    42.41   42.60
 171266.496   399.903   -30.28   47.53
 171642.658   376.604   -61.94   53.60
 172018.825   347.397   -77.65   49.19
 172394.998   322.370   -66.53   43.06
 172771.176   311.095   -29.97   48.04
 173147.360   310.462    -1.68   53.64
 173523.548   300.337   -26.92   46.16
 173899.742   291.078   -24.61   34.71
 174275.941   283.462   -20.25   28.52
 174652.145   276.210   -19.28   26.58
 175028.355   273.031    -8.45   28.79
 175404.569   263.551   -25.20   25.01
 175780.789   252.031   -30.62   25.68
 176157.015   241.208   -28.77   25.24
 176533.245   226.723   -38.50   20.95
 176909.481   215.737   -29.20   15.23
 177285.722   209.734   -15.96   13.92
 177661.968   207.108    -6.98   11.42
 178038.220   205.181    -5.12   11.09
 178414.477   201.613    -9.48   13.39
 178790.739   197.937    -9.77   13.11
 179167.006   192.623   -14.13    9.45
 179543.279   187.987   -12.32    9.76
 179919.557   185.313    -7.11   10.57
 180295.840   181.451   -10.26   11.20
 180672.129   175.441   -15.97   11.06
 181048.423   169.262   -16.42    8.67
 181424.722   166.031    -8.59    7.55
 181801.026   166.472     1.17    8.10
 182177.336   170.262    10.07    9.02
 182553.651   173.367     8.25    8.46
 182929.971   176.262     7.69    5.36
 183306.297   174.628    -4.34    6.35
 183682.627   170.748   -10.31    5.79
 184058.964   169.031    -4.56    5.98
 184435.305   168.946    -0.23    6.05
 184811.652   169.183     0.63    5.20
 185188.004   168.367    -2.17    5.21
 185564.361   166.862    -4.00    5.93
 185940.724   163.621    -8.61    7.25
 186317.092   159.569   -10.76    7.31
 186693.465   156.883    -7.14    7.64
 187069.844   154.159    -7.24    6.82
 187446.228   153.984    -0.47    8.54
 187822.617   154.672     1.83    9.17
 188199.011   156.493     4.84    9.67
 188575.411   158.694     5.85    7.19
 188951.817   158.159    -1.42    6.24
 189328.227   157.826    -0.89    5.38
 189704.643   157.390    -1.16    4.54
 190081.064   156.478    -2.42    3.07
 190457.491   156.339    -0.37    3.19
 190833.923   155.694    -1.71    3.77
 191210.360   153.893    -4.78    5.05
 191586.802   150.698    -8.49    6.49
 191963.250   145.644   -13.43    6.89
 192339.703   140.518   -13.62    6.88
 192716.162   134.920   -14.87    5.81
 193092.626   132.314    -6.92    4.65
 193469.095   130.910    -3.73    4.97
 193845.570   129.345    -4.16    5.96
 194222.050   128.262    -2.88    6.90
 194598.535   126.212    -5.45    6.06
 194975.026   123.735    -6.58    5.66
 195351.522   120.687    -8.10    5.48
 195728.023   117.928    -7.33    6.22
 196104.530   114.287    -9.67    5.94
 196481.042   111.493    -7.42    4.85
 196857.559   111.416    -0.20    5.87
 197233.483   111.100    -0.84    7.64
 197608.938   112.104     2.67    9.35
 197984.397   112.962     2.29    9.62
 198359.863   112.567    -1.05    9.27
 198735.333   110.723    -4.91    9.14
 199110.809   107.748    -7.92    9.01
 199486.290   103.424   -11.52    8.67
 199861.777    98.910   -12.02    7.40
 200237.268    96.123    -7.42    6.23
 200612.766    94.187    -5.16    6.22
 200988.268    92.595    -4.24    5.39
 201363.776    91.586    -2.69    4.47
 201739.290    91.569    -0.04    5.36
 202114.808    91.288    -0.75    5.08
 202490.332    90.031    -3.35    4.77
 202865.862    89.134    -2.39    4.69
 203241.396    87.108    -5.39    4.40
 203616.937    86.078    -2.74    4.44
 203992.482    85.877    -0.53    5.10
 204368.033    85.037    -2.24    5.12
 204743.589    84.456    -1.55    4.77
 205119.151    83.694    -2.03    5.30
 205494.718    83.209    -1.29    6.16
 205870.290    84.314     2.94    7.38
 206245.868    83.826    -1.30    7.82
 206621.451    83.947     0.32    8.52
 206997.040    83.062    -2.36    8.61
 207372.633    81.288    -4.72    8.25
 207748.233    76.883   -11.73    8.40
 208123.837    73.082   -10.12    7.92
 208499.448    72.532    -1.47    7.80
 208875.063    71.287    -3.31    7.99
 209250.684    71.954     1.77    8.81
 209626.310    71.062    -2.38    8.50
 210001.942    70.532    -1.41    8.10
 210377.579    71.737     3.21    7.95
 210753.221    70.749    -2.63    7.89
 211128.869    70.567    -0.48    8.32
 211504.523    69.288    -3.41    7.95
 211880.181    67.525    -4.69    7.33
 212255.845    68.826     3.46    9.27
 212631.515    66.954    -4.98    9.23
 213007.190    66.233    -1.92   10.17
 213382.870    66.341     0.29    9.88
 213758.556    64.775    -4.17    9.92
 214134.247    62.472    -6.13    9.88
 214509.944    60.712    -4.69    9.67
 214885.646    57.694    -8.03    8.23
 215261.353    55.337    -6.28    7.55
 215637.066    53.630    -4.54    6.44
 216012.785    51.698    -5.14    4.89
 216388.508    51.051    -1.72    4.69
 216764.237    50.954    -0.26    5.27
 217139.972    51.999     2.78    7.37
 217515.712    53.991     5.30    9.51
 217891.458    58.587    12.23   11.89
 218267.209    62.100     9.35   10.64
 218642.965    64.082     5.28    9.44
 219018.727    65.313     3.28    7.58
 219394.494    64.018    -3.45    6.57
 219770.267    63.586    -1.15    5.32
 220146.045    60.370    -8.56    6.13
 220521.829    55.416   -13.18    6.98
 220897.618    51.750    -9.76    7.24
 221273.413    49.208    -6.76    7.36
 221649.213    44.512   -12.50    7.14
 222025.018    41.314    -8.51    8.67
 222400.829    38.621    -7.17    9.87
 222776.645    32.595   -16.03   11.13
 223152.467    31.130    -3.90   10.98
 223528.295    29.505    -4.32    9.36
 223904.128    28.210    -3.44    9.42
 224279.966    27.837    -0.99    9.42
 224655.810    27.370    -1.24   10.12
 225031.659    25.662    -4.55    8.09
 225407.514    24.841    -2.18    7.53
 225783.374    24.856     0.04    8.11
 226159.240    26.262     3.74    9.07
 226535.111    28.062     4.79    9.41
 226910.988    31.562     9.31    9.14
 227286.870    32.487     2.46    7.16
 227662.757    33.397     2.42    6.73
 228038.651    31.236    -5.75    6.37
 228414.549    29.478    -4.68    6.01
 228790.453    28.595    -2.35    5.88
 229166.363    27.108    -3.96    5.15
 229542.278    27.867     2.02    6.99
 229918.199    30.954     8.21    8.36
 230294.125    31.364     1.09    8.72
 230670.057    31.311    -0.14    8.19
 231045.994    30.123    -3.16    6.16
 231421.936    27.762    -6.28    6.76
 231797.885    24.446    -8.82    8.34
 232173.838    22.446    -5.32    7.85
 232549.798    22.841     1.05    9.23
 232925.762    22.433    -1.08   10.73
 233301.733    21.210    -3.25   10.44
 233677.708    20.287    -2.46    9.15
 234053.690    19.505    -2.08    6.97
 234429.677    20.544     2.76    7.74
 234805.669    22.928     6.34    7.26
 235181.667    22.031    -2.39    8.16
 235557.670    17.185   -12.89   10.25
 235933.679    10.709   -17.22   11.35
 236309.694     5.262   -14.49    7.31
 236685.714     5.467     0.55    7.05
 237061.739    10.903    14.46    9.29
 237437.771    17.532    17.63    8.27
 237813.807    23.262    15.24    9.06
 238189.850    27.991    12.58    6.42
 238565.897    30.108     5.63    5.74
 238941.951    30.787     1.81    5.58
 239318.009    29.747    -2.76    4.89
 239694.074    28.672    -2.86    4.44
 240070.144    27.788    -2.35    4.75
 240446.219    26.078    -4.55    5.07
 240822.301    23.964    -5.62    4.88
 241198.387    23.734    -0.61    5.50
 241574.479    22.287    -3.85    6.77
 241950.577    22.185    -0.27    7.58
 242326.681    22.630     1.18    7.58
 242702.790    18.518   -10.93    7.68
 243078.904    17.108    -3.75    7.06
 243455.024    14.313    -7.43    7.85
 243831.150    10.472   -10.21    8.07
 244207.281     7.159    -8.81    8.00
 244583.418     4.208    -7.85    6.71
 244959.560     2.185    -5.38    7.22
 245335.708     0.362    -4.85    8.24
 245711.862    -5.016   -14.30    9.14
 246088.021    -9.522   -11.98    8.23
 246464.186   -12.063    -6.75    6.86
 246840.356   -11.630     1.15    7.89
 247216.532   -10.028     4.26    8.14
 247592.713    -9.238     2.10    8.03
 247968.900    -9.488    -0.66    8.15
 248345.093   -10.943    -3.87    8.36
 248721.292   -11.954    -2.69    7.55
 249097.495   -14.610    -7.06    7.43
 249473.705   -15.791    -3.14    6.62
 249849.920   -17.149    -3.61    5.48
 250226.141   -16.149     2.66    6.99
 250602.367   -12.388    10.00    9.31
 250978.599    -6.501    15.65   10.16
 251354.837     0.262    17.98    9.66
 251731.080     6.432    16.40    7.21
 252107.329     9.873     9.14    5.15
 252483.583    11.851     5.26    4.73
 252859.843    12.788     2.49    4.60
 253236.109    14.709     5.11    4.29
 253612.380    16.518     4.81    4.92
 253988.657    17.199     1.81    6.51
 254364.940    15.339    -4.95    8.07
 254741.228    10.082   -13.97   10.22
 255117.522     3.420   -17.71   11.10
 255493.821    -3.302   -17.87   11.68
 255870.126    -8.522   -13.87   11.17
 256246.437   -11.470    -7.83   11.64
 256622.753   -16.815   -14.21   10.43
 256999.076   -23.949   -18.96   10.55
 257375.403   -28.097   -11.02    9.51
 257751.737   -29.277    -3.13    7.74
 258128.076   -27.661     4.29    8.00
 258504.420   -23.954     9.85    8.56
 258880.770   -18.431    14.68    7.99
 259257.126   -13.370    13.45    6.09
 259633.488   -12.149     3.25    7.57
 260009.855   -11.706     1.18    8.28
