-333497.957   -92.437     0.00    4.40
-333121.888   -92.329     0.29    4.29
-332745.825   -92.078     0.67    4.09
-332369.769   -92.719    -1.70    3.62
-331993.719   -91.465     3.34    3.63
-331617.675   -89.014     6.52    5.05
-331241.637   -85.987     8.05    6.35
-330865.605   -82.181    10.12    5.60
-330489.580   -79.014     8.42    3.23
-330113.561   -76.825     5.82    3.61
-329737.548   -74.021     7.46    4.55
-329361.541   -73.692     0.87    4.49
-328985.540   -75.086    -3.71    4.62
-328609.545   -77.335    -5.98    6.49
-328233.557   -79.437    -5.59    5.79
-327857.575   -81.421    -5.28    5.92
-327481.599   -80.218     3.20    7.28
-327105.629   -79.221     2.65    5.90
-326729.665   -80.689    -3.91    5.97
-326353.708   -82.112    -3.78    6.50
-325977.756   -85.196    -8.20    7.19
-325601.811   -88.149    -7.86    5.90
-325225.872   -89.500    -3.60    4.47
-324849.939   -86.326     8.44    6.67
-324474.012   -83.489     7.55    5.47
-324098.092   -82.896     1.58    5.28
-323722.177   -82.014     2.35    5.72
-323346.269   -79.335     7.13    7.41
-322970.367   -76.257     8.19    6.81
-322594.471   -72.455    10.12    6.43
-322218.581   -71.591     2.30    5.15
-321842.697   -71.113     1.27    5.16
-321466.820   -70.078     2.75    4.94
-321090.948   -70.078     0.00    4.24
-320715.083   -69.405     1.79    3.85
-320339.223   -68.376     2.74    4.41
-319963.370   -66.671     4.54    5.41
-319587.523   -65.428     3.31    4.39
-319211.683   -64.139     3.43    4.77
-318835.848   -66.771    -7.00    5.16
-318460.019   -70.485    -9.88    4.76
-318084.197   -73.155    -7.11    4.84
-317708.380   -76.771    -9.62    4.96
-317332.570   -74.823     5.18   12.39
-316956.766   -68.350    17.23   18.29
-316580.968   -65.771     6.86   17.67
-316205.176   -66.721    -2.53   17.15
-315829.390   -72.796   -16.17   15.30
-315453.611   -81.244   -22.48    8.62
-315077.837   -85.821   -12.18    7.33
-314702.069   -87.258    -3.83    7.51
-314326.308   -88.719    -3.89    6.12
-313950.553   -88.955    -0.63    6.50
-313574.803   -89.489    -1.42    4.71
-313199.060   -89.960    -1.25    4.45
-312823.323   -89.155     2.14    4.98
-312447.592   -89.571    -1.11    6.35
-312071.867   -90.826    -3.34    8.42
-311696.149   -94.554    -9.92    8.05
-311320.436   -96.284    -4.60    6.55
-310944.729   -96.014     0.72    6.27
-310569.029   -93.412     6.93    7.12
-310193.334   -92.228     3.15    6.97
-309817.646   -90.421     4.81    6.70
-309441.963   -88.350     5.51    6.07
-309066.287   -88.165     0.49    6.09
-308690.617   -88.001     0.44    6.23
-308314.953   -87.665     0.89    5.90
-307939.295   -86.591     2.86    5.93
-307563.643   -85.232     3.62    6.10
-307187.997   -85.371    -0.37    6.04
-306812.357   -85.428    -0.15    5.41
-306436.723   -83.360     5.51    6.09
-306061.095   -81.463     5.05    6.12
-305685.474   -81.076     1.03    6.36
-305309.858   -80.007     2.85    6.57
-304934.248   -78.560     3.85    5.95
-304558.645   -77.428     3.01    6.20
-304183.047   -75.463     5.23    5.67
-303807.456   -74.999     1.23    5.43
-303431.870   -73.244     4.67    5.54
-303056.291   -71.203     5.44    5.41
-302680.717   -70.060     3.04    5.34
-302305.150   -68.346     4.57    5.72
-301929.589   -66.446     5.06    5.75
-301554.033   -64.896     4.13    5.79
-301178.484   -63.165     4.61    6.24
-300802.941   -61.386     4.74    6.52
-300427.404   -59.139     5.98    6.47
-300051.872   -54.489    12.39    7.88
-299676.347   -48.155    16.87   11.00
-299300.828   -42.500    15.06   10.81
-298925.315   -36.371    16.33   11.53
-298549.808   -32.823     9.45   10.13
-298174.307   -32.196     1.67    9.27
-297798.811   -35.155    -7.88   11.36
-297423.322   -37.825    -7.11   11.55
-297047.839   -43.041   -13.89   11.88
-296672.362   -45.882    -7.57   12.60
-296296.891   -44.396     3.96   18.44
-295921.426   -48.971   -12.19   16.64
-295545.967   -54.271   -14.12   13.71
-295170.514   -60.271   -15.98    7.40
-294795.067   -63.902    -9.67    5.31
-294419.625   -64.146    -0.65    4.48
-294044.190   -62.924     3.25    4.79
-293668.761   -60.130     7.45    5.21
-293293.338   -57.350     7.41    5.10
-292917.921   -54.847     6.67    6.02
-292542.510   -53.771     2.87    5.25
-292167.104   -53.365     1.08    5.40
-291791.705   -55.096    -4.61    5.04
-291416.312   -56.534    -3.83    4.92
-291040.171   -56.311     0.59    4.59
-290663.588   -54.902     3.74    4.78
-290287.011   -52.628     6.04    4.57
-289910.440   -51.309     3.50    4.42
-289533.875   -50.489     2.18    4.73
-289157.316   -49.392     2.91    4.51
-288780.763   -48.206     3.15    4.01
-288404.215   -45.882     6.17    5.11
-288027.674   -42.232     9.69    5.97
-287651.139   -39.283     7.83    3.97
-287274.610   -39.902    -1.64    4.60
-286898.087   -42.096    -5.83    5.96
-286521.570   -45.668    -9.49    5.56
-286145.059   -48.899    -8.58    5.12
-285768.553   -49.203    -0.81    5.72
-285392.054   -47.001     5.85    7.23
-285015.561   -42.689    11.45    6.91
-284639.074   -39.165     9.36    6.06
-284262.592   -39.921    -2.01    6.48
-283886.117   -39.713     0.55    5.58
-283509.648   -42.078    -6.28    5.62
-283133.184   -44.797    -7.22    5.71
-282756.727   -47.034    -5.94    6.53
-282380.276   -50.149    -8.28    5.87
-282003.830   -51.132    -2.61    5.67
-281627.391   -49.571     4.15    5.95
-281250.957   -47.496     5.51    5.51
-280874.530   -48.034    -1.43    5.08
-280498.108   -49.206    -3.12    6.26
-280121.692   -52.950    -9.95    5.94
-279745.283   -54.696    -4.64    4.58
-279368.879   -56.350    -4.39    4.56
-278992.481   -56.181     0.45    4.11
-278616.089   -54.165     5.36    4.95
-278239.704   -52.668     3.98    5.77
-277863.324   -49.161     9.32    5.68
-277486.950   -46.554     6.93    4.79
-277110.581   -46.130     1.13    4.87
-276734.219   -47.244    -2.96    5.68
-276357.863   -47.608    -0.97    5.41
-275981.513   -48.139    -1.41    4.65
-275605.169   -47.028     2.95    4.22
-275228.830   -44.696     6.20    4.60
-274852.498   -44.386     0.82    4.52
-274476.171   -44.928    -1.44    5.56
-274099.850   -47.668    -7.28    5.86
-273723.536   -50.798    -8.32    5.30
-273347.227   -53.027    -5.92    5.69
-272970.924   -56.258    -8.59    5.59
-272594.627   -58.007    -4.65    5.27
-272218.336   -59.053    -2.78    5.11
-271842.051   -57.950     2.93    5.40
-271465.772   -55.412     6.75    5.40
-271089.498   -53.284     5.65    5.29
-270713.231   -50.258     8.04    5.30
-270336.970   -46.446    10.13    5.28
-269960.714   -44.412     5.41    5.16
-269584.464   -42.946     3.90    5.47
-269208.220   -44.599    -4.40    6.71
-268831.983   -46.437    -4.89    6.74
-268455.751   -48.218    -4.73    6.53
-268079.524   -50.928    -7.21    6.11
-267703.304   -54.419    -9.28    5.36
-267327.090   -57.493    -8.17    6.44
-266950.881   -61.746   -11.31    7.28
-266574.679   -65.078    -8.86    6.29
-266198.482   -67.455    -6.32    4.54
-265822.291   -66.514     2.50    5.83
-265446.106   -65.232     3.41    6.09
-265069.927   -62.921     6.15    5.40
-264693.754   -61.771     3.06    4.54
-264317.587   -62.309    -1.43    4.94
-263941.425   -61.902     1.08    5.29
-263565.270   -62.001    -0.26    4.88
-263189.120   -61.771     0.61    4.61
-262812.976   -60.632     3.03    5.21
-262436.838   -58.554     5.52    5.66
-262060.706   -56.500     5.46    5.59
-261684.580   -54.987     4.02    5.70
-261308.459   -52.847     5.69    5.80
-260932.345   -50.056     7.42    6.05
-260556.236   -46.171    10.33    7.41
-260180.133   -42.514     9.72    8.02
-259804.036   -39.244     8.70    8.49
-259427.945   -35.514     9.92    8.47
-259051.860   -32.586     7.79    6.86
-258675.780   -30.360     5.92    6.51
-258299.707   -28.078     6.07    5.80
-257923.639   -26.296     4.74    5.52
-257547.577   -21.402    13.01    6.60
-257171.521   -18.540     7.61    6.24
-256795.470   -14.421    10.96    7.27
-256419.426    -9.993    11.78    7.86
-256043.387    -5.899    10.89    7.82
-255667.354    -1.218    12.45    7.72
-255291.327     3.922    13.67    6.25
-254915.306     8.153    11.25    6.82
-254539.291    14.406    16.63    7.79
-254163.281    17.940     9.40    7.14
-253787.278    20.665     7.25    4.63
-253411.280    21.729     2.83    3.38
-253035.288    21.829     0.27    2.66
-252659.301    22.256     1.14    1.24
-252283.321    20.815    -3.83    3.14
-251907.346    19.229    -4.22    3.99
-251531.377    17.845    -3.68    3.84
-251155.414    14.993    -7.59    4.18
-250779.457    11.281    -9.87    6.32
-250403.505     6.101   -13.78    7.64
-250027.560     1.932   -11.09    5.59
-249651.620     1.896    -0.10    5.26
-249275.686     4.824     7.79    6.54
-248899.758     9.354    12.05    6.57
-248523.835    13.804    11.84    5.05
-248147.918    15.146     3.57    4.05
-247772.007    13.283    -4.96    5.32
-247396.102     9.878    -9.06    4.69
-247020.203     7.335    -6.77    2.14
-246644.309     6.979    -0.95    1.66
-246268.421     7.716     1.96    2.22
-245892.539    11.404     9.81    5.43
-245516.663    13.922     6.70    5.32
-245140.793    14.124     0.54    5.14
-244764.928    11.050    -8.18    6.50
-244389.069     7.332    -9.89    5.37
-244013.216     3.845    -9.28    3.13
-243637.368     2.282    -4.16    1.64
-243261.526     1.904    -1.00    1.59
-242885.691     1.608    -0.79    1.69
-242509.860     1.278    -0.88    1.82
-242134.036     1.178    -0.27    2.04
-241758.217     0.878    -0.80    1.87
-241382.404     0.256    -1.65    2.01
-241006.597    -0.960    -3.24    2.18
-240630.796    -1.668    -1.88    3.75
-240255.000    -4.181    -6.69    4.72
-239879.210    -5.928    -4.65    5.21
-239503.426    -8.271    -6.23    5.26
-239127.648   -10.687    -6.43    3.53
-238751.875   -12.902    -5.89    4.29
-238376.108   -15.021    -5.64    4.44
-238000.347   -17.149    -5.66    3.74
-237624.591   -19.668    -6.70    4.83
-237248.841   -22.534    -7.63    4.74
-236873.097   -25.271    -7.28    4.88
-236497.359   -29.041   -10.04    4.85
-236121.626   -30.796    -4.67    4.92
-235745.899   -31.933    -3.03    4.89
-235370.178   -32.034    -0.27    4.77
-234994.463   -29.745     6.09    6.30
-234618.753   -26.527     8.56    5.66
-234243.049   -24.360     5.77    5.06
-233867.351   -22.718     4.37    4.61
-233491.658   -21.402     3.50    5.12
-233115.971   -20.176     3.26    4.97
-232740.290   -18.826     3.59    4.83
-232364.614   -16.496     6.20    5.27
-231988.945   -14.941     4.14    4.83
-231613.281   -14.113     2.21    5.27
-231237.622   -11.971     5.70    6.86
-230861.969   -11.181     2.10    7.11
-230486.322    -8.642     6.76    7.55
-230110.681    -6.113     6.73    8.16
-229735.045    -6.258    -0.39    7.63
-229359.416    -4.284     5.25    8.01
-228983.791    -1.060     8.58    9.56
-228608.173     2.929    10.62    9.45
-228232.560     7.172    11.30    7.12
-227856.953     6.153    -2.72    7.11
-227481.351     5.256    -2.39    7.44
-227105.755     4.986    -0.72    7.21
-226730.165     5.148     0.43    6.61
-226354.581     7.785     7.02    5.28
-225979.002     7.929     0.38    5.26
-225603.428     7.256    -1.79    6.14
-225227.861     7.311     0.15    6.33
-224852.299     5.435    -5.00    6.65
-224476.743     3.835    -4.26    6.90
-224101.192     0.947    -7.69    7.43
-223725.648    -4.360   -14.13    7.48
-223350.108    -8.696   -11.55    8.45
-222974.575   -15.139   -17.16    7.94
-222599.047   -19.514   -11.65    6.77
-222223.525   -23.046    -9.40    7.07
-221848.008   -26.909   -10.29    7.45
-221472.497   -30.311    -9.06    6.76
-221096.992   -33.955    -9.70    5.93
-220721.492   -37.139    -8.48    6.09
-220345.998   -40.232    -8.24    5.95
-219970.510   -44.028   -10.11    6.45
-219595.027   -48.745   -12.56    5.79
-219219.550   -50.455    -4.55    4.96
-218844.078   -48.879     4.20    5.79
-218468.612   -45.346     9.41    6.81
-218093.152   -40.823    12.05    6.07
-217717.698   -37.596     8.60    5.72
-217342.249   -35.113     6.61    5.34
-216966.805   -33.053     5.49    4.77
-216591.367   -30.581     6.58    5.03
-216215.904   -29.600     2.61    4.48
-215839.352   -31.586    -5.28    5.10
-215462.804   -34.659    -8.16    5.38
-215086.263   -37.955    -8.75    5.20
-214709.727   -41.879   -10.42    3.97
-214333.197   -43.283    -3.73    4.27
-213956.672   -45.232    -5.18    4.28
-213580.153   -45.521    -0.77    4.44
-213203.640   -44.717     2.14    4.93
-212827.132   -44.987    -0.72    5.54
-212450.630   -44.165     2.18    6.14
-212074.134   -44.697    -1.41    6.06
-211697.643   -45.987    -3.43    5.88
-211321.158   -46.146    -0.42    4.69
-210944.679   -46.130     0.04    4.49
-210568.205   -44.113     5.36    6.53
-210191.736   -40.192    10.42    8.62
-209815.274   -35.463    12.56   10.00
-209438.817   -31.321    11.00    9.56
-209062.365   -29.692     4.33    9.10
-208685.919   -28.571     2.98    8.14
-208309.479   -31.507    -7.80    8.97
-207933.045   -34.721    -8.54    8.31
-207556.616   -37.996    -8.70    6.73
-207180.192   -40.076    -5.53    5.49
-206803.775   -40.230    -0.41    5.52
-206427.363   -39.446     2.08    5.01
-206050.956   -38.565     2.34    6.11
-205674.555   -35.540     8.04    7.68
-205298.160   -33.095     6.50    8.57
-204921.770   -32.053     2.77    8.09
-204545.386   -33.113    -2.82    7.11
-204169.007   -34.665    -4.13    6.25
-203792.634   -34.924    -0.69    6.08
-203416.267   -35.412    -1.29    5.88
-203039.905   -33.899     4.02    6.63
-202663.549   -32.350     4.12    7.05
-202287.198   -32.646    -0.79    6.51
-201910.853   -32.041     1.61    6.88
-201534.514   -31.234     2.14    8.25
-201158.180   -30.642     1.57    8.16
-200781.851   -29.743     2.39    7.15
-200405.529   -29.122     1.65    7.12
-200029.211   -26.376     7.30    7.97
-199652.900   -24.771     4.27    8.18
-199276.594   -22.437     6.20    8.29
-198900.293   -20.933     4.00    8.53
-198523.998   -19.155     4.72    8.60
-198147.709   -18.014     3.03    8.21
-197771.425   -15.586     6.45    7.03
-197395.147   -11.871     9.88    7.15
-197018.874    -7.933    10.47    6.52
-196642.607    -3.624    11.45    6.06
-196266.345     0.511    10.99    9.61
-195890.089     6.588    16.15   23.68
-195513.839     3.013    -9.50   13.93
-195137.594     1.281    -4.61   14.48
-194761.355    -0.796    -5.52    7.24
-194385.121    -0.271     1.40    6.87
-194008.892     2.076     6.24    6.38
-193632.669     2.878     2.13    3.90
-193256.452     2.804    -0.20    4.12
-192880.240     3.486     1.81    3.95
-192504.034     3.146    -0.90    3.60
-192127.834     0.527    -6.96    6.89
-191751.638    -3.365   -10.35    9.02
-191375.449    -7.181   -10.14    9.66
-190999.265    -6.405     2.06   16.97
-190623.086    -6.122     0.75   19.52
-190246.913    -5.446     1.80   19.28
-189870.745    -4.155     3.43   19.33
-189494.583    -4.297    -0.38   19.52
-189118.427     1.414    15.18   28.24
-188742.276    15.178    36.60   44.50
-188366.130    39.429    64.48   70.81
-187989.990    49.993    28.09   77.51
-187613.856    47.729    -6.02   78.83
-187237.727    21.308   -70.25   69.98
-186861.603    -3.646   -66.35   32.56
-186485.485   -14.021   -27.59    8.24
-186109.373   -11.527     6.63    7.66
-185733.266    -7.554    10.56    8.16
-185357.164    -3.311    11.28    9.30
-184981.068    -0.053     8.66    7.99
-184604.978     2.383     6.48    6.57
-184228.893     2.045    -0.90    7.02
-183852.813     2.304     0.69   13.75
-183476.739    12.914    28.21   31.44
-183100.671    24.098    29.74   50.71
-182724.608    42.279    48.35   68.52
-182348.550    57.598    40.74   82.93
-181972.498    49.466   -21.63   79.27
-181596.451    41.493   -21.21   76.07
-181220.410    24.804   -44.38   56.45
-180844.374     5.040   -52.56   20.50
-180468.344     3.449    -4.23   18.09
-180092.319     2.511    -2.49   14.48
-179716.300     0.392    -5.64    9.15
-179340.286     2.473     5.53   10.17
-178964.277     2.545     0.19    8.89
-178588.275    -0.437    -7.93    8.22
-178212.277     0.511     2.52    7.87
-177836.285    -0.554    -2.83    7.20
-177460.298     2.124     7.12    7.65
-177084.317     6.878    12.64   12.57
-176708.342     9.204     6.19   13.18
-176332.371    11.961     7.33   12.90
-175956.407    11.419    -1.44   14.15
-175580.447     8.054    -8.95    9.13
-175204.493     7.519    -1.42    9.02
-174828.545     9.332     4.82   10.41
-174452.602    14.229    13.03   10.31
-174076.664    16.154     5.12    9.20
-173700.732    19.311     8.40    7.69
-173324.805    20.887     4.19    8.14
-172948.884    21.665     2.07   10.52
-172572.968    24.148     6.61   11.58
-172197.057    25.409     3.35   11.52
-171821.152    25.537     0.34   11.77
-171445.253    27.932     6.37   11.00
-171069.359    26.067    -4.96   11.26
-170693.470    24.424    -4.37   11.41
-170317.586    23.529    -2.38   12.14
-169941.708    24.132     1.60   13.24
-169565.836    24.177     0.12   12.44
-169189.969    22.954    -3.25    8.47
-168814.107    23.203     0.66    8.79
-168438.251    21.563    -4.36    7.86
-168062.400    21.358    -0.55    7.38
-167686.554    20.229    -3.00    4.63
-167310.714    20.419     0.50    5.07
-166934.879    21.229     2.16    5.16
-166559.050    21.604     1.00    4.74
-166183.226    22.729     2.99    5.12
-165807.408    24.255     4.06    5.94
-165431.595    26.878     6.98    5.70
-165055.787    29.202     6.19    5.88
-164679.984    30.121     2.45    6.77
-164304.187    30.841     1.91    7.85
-163928.396    32.929     5.56    7.85
-163552.610    33.563     1.69    7.21
-163176.829    34.040     1.27    6.17
-162801.053    35.409     3.64    5.31
-162425.283    36.414     2.67    5.36
-162049.518    38.178     4.70    5.63
-161673.759    41.019     7.56    5.64
-161298.005    43.127     5.61    6.02
-160922.257    45.414     6.09    6.50
-160546.513    47.999     6.88    6.52
-160170.775    50.668     7.11    6.60
-159795.043    54.419     9.98    5.51
-159419.316    57.537     8.30    7.73
-159043.594    58.835     3.45    7.19
-158667.877    59.256     1.12    7.19
-158292.166    59.306     0.13    7.07
-157916.461    58.847    -1.22    4.34
-157540.760    60.588     4.64    4.70
-157165.065    61.281     1.84    5.21
-156789.375    62.256     2.60    5.70
-156413.691    60.383    -4.99    7.83
-156038.012    58.148    -5.95    8.82
-155662.338    57.999    -0.40    7.82
-155286.670    56.614    -3.69    7.18
-154911.007    57.127     1.37    5.78
-154535.349    57.756     1.67    5.62
-154159.697    59.742     5.29    6.13
-153784.050    64.804    13.48    7.06
-153408.408    70.091    14.07    6.78
-153032.772    75.024    13.14    7.50
-152657.141    77.905     7.67    6.60
-152281.515    80.076     5.78    6.18
-151905.895    77.691    -6.35    7.50
-151530.280    72.494   -13.84    8.13
-151154.670    69.045    -9.18    7.92
-150779.065    68.256    -2.10    7.11
-150403.466    70.782     6.73    7.92
-150027.872    74.054     8.71    6.71
-149652.284    73.419    -1.69    7.94
-149276.701    69.278   -11.02    9.34
-148901.123    65.896    -9.01    7.88
-148525.550    64.204    -4.51    5.75
-148149.983    63.440    -2.03    6.10
-147774.421    64.358     2.44    6.90
-147398.864    64.178    -0.48    7.06
-147023.313    62.118    -5.49    6.76
-146647.767    60.435    -4.48    6.21
-146272.226    60.202    -0.62    5.35
-145896.690    61.029     2.20    5.46
-145521.160    62.742     4.56    5.17
-145145.635    63.618     2.33    5.68
-144770.116    63.202    -1.11    5.40
-144394.601    62.743    -1.22    4.72
-144019.092    63.665     2.46    4.14
-143643.588    65.351     4.49    5.30
-143268.090    68.013     7.09    6.93
-142892.596    70.529     6.70    6.58
-142517.108    71.729     3.20    7.34
-142141.626    71.914     0.49    6.97
-141766.148    71.973     0.16    7.51
-141390.676    71.742    -0.61    6.92
-141014.759    71.493    -0.66    5.83
-140638.236    72.493     2.66    5.17
-140261.718    73.829     3.55    5.40
-139885.205    76.527     7.16    5.57
-139508.698    78.854     6.18    5.65
-139132.196    82.079     8.57    6.07
-138755.699    85.368     8.74    5.41
-138379.207    86.986     4.30    4.58
-138002.721    84.563    -6.44    6.63
-137626.240    80.845    -9.88    6.53
-137249.764    78.829    -5.35    5.21
-136873.294    80.150     3.51    6.96
-136496.829    83.654     9.31    7.70
-136120.369    87.098     9.15    7.92
-135743.914    89.332     5.93    8.61
-135367.465    91.479     5.70    9.67
-134991.021    93.308     4.86    9.73
-134614.582    95.466     5.73   10.22
-134238.148    96.387     2.45   10.19
-133861.720    96.454     0.18    9.42
-133485.297    97.770     3.50    8.94
-133108.879    98.620     2.26    7.60
-132732.466   100.024     3.73    7.33
-132356.059   102.527     6.65    7.72
-131979.657   106.040     9.33    8.84
-131603.260   110.040    10.63    7.05
-131226.869   112.409     6.29    6.12
-130850.482   115.024     6.95    6.96
-130474.101   118.563     9.40    8.04
-130097.725   123.256    12.47    9.31
-129721.355   128.608    14.22    8.94
-129344.989   133.861    13.96    7.61
-128968.629   137.679    10.15    6.69
-128592.274   140.716     8.07    4.87
-128215.925   142.845     5.66    3.07
-127839.580   143.150     0.81    2.05
-127463.241   142.460    -1.83    1.93
-127086.907   141.202    -3.34    2.29
-126710.578   139.379    -4.84    3.31
-126334.255   136.729    -7.04    3.83
-125957.936   132.535   -11.15    6.12
-125581.623   127.703   -12.84    7.69
-125205.315   122.507   -13.81    6.90
-124829.013   120.742    -4.69    5.56
-124452.715   120.999     0.68    5.81
-124076.423   122.716     4.56    6.59
-123700.136   123.932     3.23    6.01
-123323.854   123.635    -0.79    5.95
-122947.577   124.640     2.67    4.85
-122571.306   125.303     1.76    4.97
-122195.040   126.419     2.97    3.89
-121818.779   127.404     2.62    2.33
-121442.523   127.045    -0.95    1.96
-121066.272   126.124    -2.45    2.13
-120690.027   124.203    -5.11    2.83
-120313.786   121.178    -8.04    4.82
-119937.551   118.579    -6.91    4.49
-119561.321   117.782    -2.12    4.21
-119185.097   119.179     3.71    4.86
-118808.877   122.229     8.11    3.54
-118432.663   123.979     4.65    2.45
-118056.454   124.879     2.39    1.76
-117680.250   125.257     1.00    1.75
-117304.051   125.202    -0.15    1.61
-116927.857   124.473    -1.94    1.85
-116551.669   123.896    -1.53    1.88
-116175.485   122.904    -2.64    1.80
-115799.307   122.121    -2.08    1.68
-115423.134   121.079    -2.77    2.02
-115046.966   119.870    -3.21    2.33
-114670.804   118.770    -2.93    2.55
-114294.646   117.717    -2.80    2.78
-113918.494   116.255    -3.89    3.35
-113542.347   114.383    -4.98    4.18
-113166.205   112.229    -5.73    4.56
-112790.068   110.179    -5.45    4.15
-112413.936   107.986    -5.83    4.36
-112037.809   106.181    -4.80    5.47
-111661.688   103.383    -7.44    6.18
-111285.572    99.986    -9.03    5.57
-110909.461    97.986    -5.32    4.76
-110533.355    96.148    -4.89    4.17
-110157.254    95.947    -0.53    4.10
-109781.158    95.999     0.14    4.61
-109405.067    96.716     1.91    4.75
-109028.982    99.229     6.68    4.37
-108652.901   100.019     2.10    3.77
-108276.826   100.914     2.38    2.64
-107900.756    99.929    -2.62    2.98
-107524.691    98.554    -3.66    3.50
-107148.631    95.742    -7.48    4.51
-106772.577    93.756    -5.28    4.42
-106396.527    92.229    -4.06    4.14
-106020.482    91.743    -1.29    4.11
-105644.443    93.107     3.63    5.04
-105268.409    95.486     6.33    5.39
-104892.380    98.824     8.88    5.14
-104516.356   100.067     3.31    4.29
-104140.337   100.932     2.30    2.84
-103764.323   100.896    -0.10    2.09
-103388.314    99.691    -3.21    2.85
-103012.311    97.392    -6.12    4.51
-102636.312    94.019    -8.97    5.57
-102260.319    91.338    -7.13    5.36
-101884.330    89.204    -5.68    4.89
-101508.347    88.254    -2.53    5.12
-101132.369    87.311    -2.51    4.99
-100756.396    87.306    -0.01    5.76
-100380.428    88.150     2.25    6.29
-100004.465    88.973     2.19    5.44
 -99628.507    88.554    -1.12    4.85
 -99252.554    87.379    -3.12    4.63
 -98876.607    85.743    -4.35    3.78
 -98500.664    83.124    -6.97    4.22
 -98124.727    80.794    -6.20    4.54
 -97748.794    78.067    -7.25    4.32
 -97372.867    76.306    -4.68    3.14
 -96996.945    75.742    -1.50    3.42
 -96621.027    77.446     4.53    5.06
 -96245.115    78.554     2.95    5.74
 -95869.208    79.202     1.72    6.37
 -95493.306    79.358     0.41    6.52
 -95117.409    77.107    -5.99    6.56
 -94741.517    74.635    -6.58    5.66
 -94365.631    72.554    -5.53    4.22
 -93989.749    71.493    -2.83    3.41
 -93613.872    72.409     2.44    4.47
 -93238.000    74.050     4.37    5.17
 -92862.134    75.922     4.98    4.92
 -92486.272    76.887     2.57    4.08
 -92110.416    75.993    -2.38    4.70
 -91734.564    75.153    -2.24    5.09
 -91358.718    74.311    -2.24    4.98
 -90982.876    75.845     4.08    5.71
 -90607.040    79.283     9.15    6.01
 -90231.209    81.500     5.90    6.23
 -89855.383    82.797     3.45    6.36
 -89479.561    83.674     2.33    5.92
 -89103.745    83.754     0.21    4.65
 -88727.934    83.179    -1.53    3.32
 -88352.128    81.861    -3.51    3.80
 -87976.327    79.454    -6.40    5.78
 -87600.530    75.729    -9.91    6.69
 -87224.739    73.154    -6.85    6.95
 -86848.953    71.050    -5.60    5.80
 -86473.172    70.563    -1.30    4.50
 -86097.396    72.554     5.30    4.81
 -85721.625    74.794     5.96    3.79
 -85345.859    75.937     3.04    2.88
 -84970.098    76.535     1.59    1.72
 -84594.342    76.598     0.17    1.78
 -84218.591    75.098    -3.99    3.24
 -83842.845    73.040    -5.48    3.97
 -83467.104    70.527    -6.69    3.97
 -83091.368    68.285    -5.97    3.05
 -82715.637    67.829    -1.21    3.03
 -82339.911    69.717     5.02    4.72
 -81964.190    72.716     7.98    6.05
 -81588.474    78.204    14.61    7.23
 -81212.763    81.914     9.87    5.63
 -80837.057    84.511     6.91    3.36
 -80461.356    84.999     1.30    3.62
 -80085.660    84.281    -1.91    4.80
 -79709.969    82.782    -3.99    4.65
 -79334.283    83.973     3.17    5.05
 -78958.602    85.132     3.08    4.47
 -78582.926    87.229     5.58    3.80
 -78207.254    89.861     7.01    4.12
 -77831.588    91.124     3.36    3.82
 -77455.927    91.959     2.22    3.39
 -77080.271    92.435     1.27    3.09
 -76704.619    91.024    -3.76    3.96
 -76328.973    89.922    -2.93    4.47
 -75953.332    89.076    -2.25    5.25
 -75577.695    87.040    -5.42    6.28
 -75202.064    86.101    -2.50    6.04
 -74826.438    85.662    -1.17    5.35
 -74450.816    87.178     4.04    5.24
 -74075.199    88.999     4.85    4.42
 -73699.588    89.819     2.18    5.21
 -73323.981    86.729    -8.23    5.17
 -72948.380    82.640   -10.89    4.89
 -72572.783    79.854    -7.42    3.94
 -72197.191    78.174    -4.47    3.93
 -71821.604    77.306    -2.31    4.13
 -71446.022    77.446     0.37    4.24
 -71070.445    77.545     0.27    5.16
 -70694.873    77.537    -0.02    5.35
 -70319.306    76.042    -3.98    6.37
 -69943.744    73.414    -7.00    5.85
 -69568.187    72.178    -3.29    4.86
 -69192.634    72.851     1.79    5.13
 -68817.087    75.409     6.81    4.39
 -68441.544    76.282     2.33    3.59
 -68066.007    75.329    -2.54    3.24
 -67690.474    73.281    -5.46    4.12
 -67314.947    71.255    -5.39    4.89
 -66939.424    69.283    -5.25    4.96
 -66563.906    68.383    -2.40    5.54
 -66188.393    68.203    -0.48    5.18
 -65812.078    68.507     0.81    4.69
 -65435.589    68.486    -0.06    3.07
 -65059.105    67.473    -2.69    2.34
 -64682.626    66.076    -3.71    2.65
 -64306.152    63.819    -5.99    2.94
 -63929.682    61.715    -5.59    3.27
 -63553.218    59.986    -4.59    3.12
 -63176.759    58.650    -3.55    3.69
 -62800.304    57.019    -4.33    3.92
 -62423.855    56.354    -1.77    4.78
 -62047.410    55.013    -3.56    5.02
 -61670.970    53.107    -5.06    5.24
 -61294.535    50.845    -6.01    5.46
 -60918.106    47.794    -8.11    5.31
 -60541.681    45.124    -7.09    4.95
 -60165.261    42.486    -7.01    4.02
 -59788.845    40.717    -4.70    2.70
 -59412.435    41.311     1.58    3.85
 -59036.030    43.947     7.01    5.41
 -58659.629    46.851     7.71    5.46
 -58283.234    49.101     5.98    5.05
 -57906.843    51.129     5.39    5.03
 -57530.458    51.952     2.18    3.88
 -57154.077    52.338     1.03    3.88
 -56777.701    51.175    -3.09    5.33
 -56401.330    48.581    -6.89    4.86
 -56024.964    48.819     0.63    4.93
 -55648.602    51.591     7.36    5.42
 -55272.246    55.279     9.80    4.76
 -54895.895    57.640     6.27    3.51
 -54519.548    58.446     2.14    3.42
 -54143.206    57.409    -2.75    4.43
 -53766.869    57.703     0.78    4.00
 -53390.537    57.742     0.10    3.52
 -53014.210    57.460    -0.75    3.40
 -52637.888    56.178    -3.41    4.27
 -52261.571    51.914   -11.33    5.84
 -51885.258    47.129   -12.71    6.68
 -51508.951    44.204    -7.77    5.30
 -51132.648    43.368    -2.22    4.75
 -50756.350    45.905     6.74    6.11
 -50380.057    49.608     9.84    6.71
 -50003.769    53.554    10.49    4.32
 -49627.486    55.383     4.86    2.61
 -49251.207    55.087    -0.79    3.35
 -48874.934    52.829    -6.00    4.51
 -48498.665    51.703    -2.99    3.82
 -48122.401    51.581    -0.33    3.22
 -47746.142    52.204     1.66    2.85
 -47369.888    53.387     3.15    3.64
 -46993.639    54.153     2.03    4.69
 -46617.394    55.306     3.07    6.78
 -46241.154    58.604     8.77   10.06
 -45864.920    60.808     5.86   12.36
 -45488.690    60.794    -0.04   11.99
 -45112.465    58.332    -6.54    7.45
 -44736.244    55.813    -6.70    5.26
 -44360.029    57.094     3.41    5.83
 -43983.818    57.361     0.71    6.06
 -43607.612    55.756    -4.27    6.80
 -43231.411    53.229    -6.72    7.43
 -42855.215    50.593    -7.01    6.47
 -42479.024    50.255    -0.90    4.61
 -42102.837    51.896     4.36    4.97
 -41726.656    53.851     5.20    5.56
 -41350.479    56.281     6.46    5.46
 -40974.307    57.770     3.96    6.61
 -40598.139    57.665    -0.28    7.07
 -40221.977    57.768     0.27    6.68
 -39845.819    58.640     2.32    4.99
 -39469.666    59.202     1.50    4.29
 -39093.518    61.922     7.23    5.27
 -38717.375    64.896     7.91    6.35
 -38341.237    67.341     6.50    7.30
 -37965.103    69.101     4.68    8.58
 -37588.974    68.824    -0.74    9.60
 -37212.850    65.729    -8.23   11.24
 -36836.731    60.922   -12.78    9.63
 -36460.617    56.792   -10.98    6.55
 -36084.507    55.335    -3.87    5.00
 -35708.402    57.150     4.83    4.93
 -35332.302    59.414     6.02    4.82
 -34956.207    60.742     3.53    3.68
 -34580.116    60.662    -0.21    2.53
 -34204.031    59.229    -3.81    3.49
 -33827.950    57.665    -4.16    4.54
 -33451.873    55.614    -5.45    5.22
 -33075.802    52.148    -9.22    3.97
 -32699.735    49.870    -6.06    3.61
 -32323.674    47.229    -7.02    3.43
 -31947.617    44.952    -6.06    3.07
 -31571.564    42.511    -6.49    3.14
 -31195.517    40.618    -5.03    2.11
 -30819.474    40.076    -1.44    1.71
 -30443.436    39.768    -0.82    1.62
 -30067.403    39.572    -0.52    1.71
 -29691.374    38.797    -2.06    1.64
 -29315.350    37.905    -2.37    1.56
 -28939.331    37.282    -1.66    1.64
 -28563.317    36.511    -2.05    1.89
 -28187.308    35.229    -3.41    2.50
 -27811.303    33.107    -5.64    3.02
 -27435.303    31.435    -4.45    2.90
 -27059.308    30.177    -3.35    2.20
 -26683.317    29.794    -1.02    2.46
 -26307.331    30.808     2.70    2.76
 -25931.350    32.896     5.55    2.99
 -25555.374    34.473     4.19    2.54
 -25179.403    36.614     5.70    3.28
 -24803.436    39.824     8.54    3.95
 -24427.474    42.358     6.74    3.60
 -24051.516    43.954     4.25    2.90
 -23675.564    43.429    -1.40    3.31
 -23299.616    41.175    -6.00    4.53
 -22923.673    37.283   -10.35    4.66
 -22547.734    34.519    -7.35    3.96
 -22171.801    33.404    -2.96    2.76
 -21795.872    33.674     0.72    2.80
 -21419.947    35.522     4.92    3.18
 -21044.028    38.127     6.93    3.77
 -20668.113    41.229     8.25    4.82
 -20292.203    43.460     5.93    5.06
 -19916.297    45.306     4.91    5.16
 -19540.396    44.332    -2.59    5.37
 -19164.500    41.914    -6.43    5.24
 -18788.609    39.127    -7.41    3.75
 -18412.722    37.493    -4.35    3.25
 -18036.841    37.704     0.56    3.84
 -17660.963    37.629    -0.20    4.42
 -17285.091    36.479    -3.06    5.00
 -16909.223    33.148    -8.86    6.56
 -16533.360    29.581    -9.49    5.54
 -16157.501    27.689    -5.03    4.27
 -15781.648    26.794    -2.38    4.09
 -15405.798    26.662    -0.35    4.17
 -15029.954    27.973     3.49    3.96
 -14654.114    30.940     7.89    5.25
 -14278.279    35.527    12.20    7.19
 -13902.449    41.768    16.61    7.10
 -13526.623    46.742    13.24    7.74
 -13150.802    51.076    11.53    8.79
 -12774.986    52.729     4.40    9.61
 -12399.174    52.229    -1.33    9.38
 -12023.367    47.473   -12.66    7.33
 -11647.565    43.059   -11.75    7.06
 -11271.767    38.845   -11.21    5.61
 -10895.974    34.396   -11.84    5.01
 -10520.186    31.094    -8.79    5.76
 -10144.402    27.148   -10.50    5.82
  -9768.623    23.076   -10.84    4.49
  -9392.849    19.614    -9.21    2.96
  -9017.079    17.813    -4.79    3.11
  -8641.314    16.255    -4.15    2.48
  -8265.554    16.124    -0.35    2.15
  -7889.798    17.554     3.80    2.71
  -7514.047    20.129     6.85    3.29
  -7138.301    22.703     6.85    3.59
  -6762.559    26.335     9.67    4.85
  -6386.822    29.229     7.70    5.01
  -6011.089    31.054     4.86    5.06
  -5635.361    31.040    -0.04    5.48
  -5259.638    29.986    -2.81    5.06
  -4883.919    27.665    -6.18    4.47
  -4508.206    24.635    -8.07    5.74
  -4132.496    20.256   -11.65    7.49
  -3756.791    16.419   -10.22    6.22
  -3381.091    14.794    -4.33    5.13
  -3005.396    16.101     3.48    5.51
  -2629.705    17.118     2.71    5.64
  -2254.019    15.650    -3.91    7.60
  -1878.337    13.479    -5.78    8.53
  -1502.660     8.677   -12.78    6.55
  -1126.988     4.554   -10.97    6.02
   -751.320     1.635    -7.77    3.98
   -375.657     0.794    -2.24    3.85
      0.002     1.282     1.30    3.90
    375.655     3.354     5.52    4.24
    751.305     5.797     6.50    3.16
   1126.950     7.104     3.48    2.07
   1502.590     8.361     3.35    2.44
   1878.225    10.797     6.48    3.75
   2253.856    13.419     6.98    4.68
   2629.482    17.424    10.66    5.60
   3005.104    21.127     9.86    5.41
   3380.721    26.255    13.65    7.07
   3756.334    29.959     9.86    7.49
   4131.942    33.308     8.92    5.15
   4507.545    33.118    -0.51    5.00
   4883.144    29.835    -8.74    6.19
   5258.738    24.529   -14.12    5.43
   5634.328    21.283    -8.64    4.94
   6009.913    17.665    -9.63    5.38
   6385.493    14.255    -9.08    4.84
   6761.069    12.204    -5.46    3.77
   7136.640    11.493    -1.89    2.59
   7512.207    12.178     1.83    3.03
   7887.769    14.446     6.04    4.00
   8263.327    18.045     9.58    5.50
   8638.880    22.703    12.40    6.36
   9014.620    26.854    11.05    5.70
   9391.084    29.870     8.01    6.02
   9767.544    31.966     5.57    5.92
  10143.998    33.040     2.85    5.42
  10520.449    31.861    -3.13    6.04
  10896.894    29.646    -5.88    7.56
  11273.335    26.665    -7.92    6.90
  11649.772    26.529    -0.36    6.44
  12026.204    27.554     2.72    5.25
  12402.631    28.127     1.52    4.42
  12779.054    28.742     1.63    4.30
  13155.472    26.178    -6.81    5.74
  13531.885    22.993    -8.46    5.64
  13908.294    21.460    -4.07    5.16
  14284.699    20.365    -2.91    4.43
  14661.099    21.203     2.23    3.44
  15037.494    23.358     5.72    2.66
  15413.885    24.618     3.35    3.32
  15790.271    26.665     5.44    4.54
  16166.653    30.255     9.54    5.55
  16543.030    33.608     8.91    6.03
  16919.403    38.229    12.28    6.61
  17295.771    41.479     8.64    6.27
  17672.134    43.999     6.69    6.30
  18048.493    46.205     5.86    6.27
  18424.848    49.067     7.61    7.57
  18801.197    52.829    10.00    7.24
  19177.543    53.677     2.25    6.71
  19553.884    50.178    -9.30    8.65
  19930.220    46.794    -8.99    8.58
  20306.552    44.178    -6.95    8.27
  20682.879    41.878    -6.11    8.80
  21059.201    43.545     4.43    8.97
  21435.520    41.229    -6.15    9.30
  21811.833    38.283    -7.83    8.93
  22188.142    36.640    -4.37    7.86
  22564.447    35.306    -3.54    5.91
  22940.747    35.959     1.73    5.66
  23317.042    39.743    10.06    6.65
  23693.333    44.473    12.57    8.10
  24069.620    49.768    14.07    8.44
  24445.902    54.279    11.99    7.50
  24822.179    57.094     7.48    7.28
  25198.452    61.329    11.26    7.78
  25574.721    65.914    12.18    7.72
  25950.985    71.358    14.47    9.12
  26327.244    78.050    17.79    8.02
  26703.499    82.440    11.67    7.56
  27079.750    85.650     8.53    7.37
  27455.996    86.896     3.31    7.35
  27832.237    84.979    -5.09    8.11
  28208.474    82.283    -7.17    8.32
  28584.707    80.279    -5.33    7.17
  28960.935    79.973    -0.81    6.32
  29337.158    80.896     2.45    5.81
  29713.377    79.932    -2.56    6.00
  30089.592    78.479    -3.86    6.29
  30465.802    78.879     1.06    6.49
  30842.007    81.229     6.25    8.81
  31218.208    83.940     7.20    9.10
  31594.405    86.654     7.22    7.46
  31970.597    88.072     3.77    5.86
  32346.785    90.101     5.40    4.71
  32722.968    91.947     4.91    6.54
  33099.147    93.545     4.25    7.13
  33475.321    93.729     0.49    7.10
  33851.491    93.650    -0.21    6.99
  34227.656    94.504     2.27    5.61
  34603.817    97.202     7.17    6.00
  34979.973   100.554     8.91    6.34
  35356.125   109.178    22.93   14.86
  35732.273   118.986    26.07   20.32
  36108.416   128.311    24.79   19.88
  36484.555   133.743    14.44   16.56
  36860.689   133.640    -0.27   11.64
  37236.818   138.665    13.36   11.84
  37612.944   148.175    25.28   21.01
  37989.064   166.954    49.93   31.85
  38365.181   187.635    54.98   38.65
  38741.293   210.729    61.40   32.88
  39117.400   203.640   -18.85   39.24
  39493.503   184.756   -50.21   47.39
  39869.602   161.782   -61.08   39.87
  40245.696   139.887   -58.22   18.29
  40621.786   135.379   -11.99   18.74
  40997.871   134.338    -2.77   18.06
  41373.952   135.547     3.21   18.01
  41750.028   147.076    30.66   25.60
  42126.100   157.662    28.15   23.57
  42502.168   163.229    14.80   17.48
  42878.231   157.338   -15.67   18.31
  43254.290   162.332    13.28   29.16
  43630.344   166.229    10.36   33.52
  44006.394   166.785     1.48   32.73
  44382.440   162.677   -10.92   28.62
  44758.481   155.841   -18.18   20.36
  45134.517   147.835   -21.29   14.76
  45510.550   145.354    -6.60   10.40
  45886.578   146.662     3.48   10.82
  46262.601   153.493    18.17   17.55
  46638.620   166.650    34.99   19.20
  47014.635   170.279     9.65   16.73
  47390.645   167.527    -7.32   20.90
  47766.651   153.979   -36.03   22.16
  48142.652   137.999   -42.50   14.51
  48518.650   128.581   -25.05   10.85
  48894.642   120.473   -21.56    6.31
  49270.631   114.174   -16.75    6.73
  49646.614   111.178    -7.97    5.26
  50022.594   110.306    -2.32    4.78
  50398.569   110.646     0.90    4.69
  50774.540   112.414     4.70    5.17
  51150.506   111.785    -1.67    5.32
  51526.468   109.782    -5.33    5.33
  51902.426   109.554    -0.61    5.32
  52278.379   109.986     1.15    5.88
  52654.328   113.255     8.69    6.49
  53030.273   117.098    10.22    5.83
  53406.213   122.076    13.24    7.38
  53782.149   127.311    13.92    7.11
  54158.080   128.929     4.31    6.33
  54534.007   128.887    -0.11    6.62
  54909.930   124.338   -12.10    8.86
  55285.848   120.338   -10.64    7.55
  55661.762   114.924   -14.40    7.80
  56037.672   110.050   -12.97    8.31
  56413.577   106.999    -8.12    7.52
  56789.478   105.311    -4.49    7.63
  57165.374    99.716   -14.88    7.37
  57541.267    96.813    -7.72    7.10
  57917.154    94.624    -5.82    7.07
  58293.038    93.454    -3.11    8.15
  58668.917    91.527    -5.13    8.83
  59044.792    88.383    -8.36    8.74
  59420.662    84.650    -9.93    9.03
  59796.529    81.887    -7.35    7.95
  60172.390    81.851    -0.10    9.01
  60548.248    82.129     0.74    9.69
  60924.101    82.202     0.19   10.60
  61299.950    82.500     0.79   10.69
  61675.794    81.861    -1.70    9.44
  62051.635    79.118    -7.30   10.61
  62427.470    75.717    -9.05   10.28
  62803.302    72.178    -9.41    8.61
  63179.129    71.581    -1.59    7.44
  63554.952    76.311    12.58    9.22
  63930.771    81.924    14.94    9.79
  64306.585    89.691    20.67    9.82
  64682.395    97.229    20.06   10.25
  65058.200   104.851    20.28   10.68
  65434.002   112.101    19.29    9.21
  65809.799   114.624     6.71    7.05
  66185.591   110.845   -10.06   10.18
  66561.380   103.493   -19.56   10.03
  66937.164    98.204   -14.07    6.87
  67312.944    94.905    -8.78    5.33
  67688.719    93.808    -2.92    6.79
  68064.490    93.255    -1.47    7.34
  68440.257    92.315    -2.50    6.27
  68816.020    93.076     2.02    6.20
  69191.778    94.887     4.82    6.46
  69567.532    97.743     7.60    6.08
  69943.282   102.202    11.87    3.43
  70319.027   103.563     3.62    2.85
  70694.769   102.870    -1.84    4.26
  71070.505   101.181    -4.50    4.92
  71446.238    99.067    -5.62    4.98
  71821.966    98.229    -2.23    3.85
  72197.690    97.717    -1.36    2.98
  72573.410    97.665    -0.14    2.83
  72949.126    97.519    -0.39    3.18
  73324.837    96.999    -1.38    5.50
  73700.544    93.175   -10.18    8.72
  74076.247    89.703    -9.24    9.69
  74451.945    87.845    -4.95    9.89
  74827.639    85.435    -6.41    9.80
  75203.329    85.665     0.61    9.41
  75579.015    90.177    12.01   10.07
  75954.696    93.689     9.35   10.12
  76330.373    96.581     7.70    8.82
  76706.046    97.313     1.95    8.25
  77081.715    98.691     3.67    7.59
  77457.379    99.435     1.98    6.95
  77833.039   101.177     4.64    6.31
  78208.695   102.329     3.07    6.62
  78584.347   103.178     2.26    6.39
  78959.994   103.588     1.09    6.43
  79335.637   104.689     2.93    6.56
  79711.276   105.896     3.21    5.97
  80086.911   107.146     3.33    5.83
  80462.541   108.914     4.71    4.80
  80838.168   110.254     3.57    5.00
  81213.790   113.287     8.07    5.06
  81589.407   116.794     9.34    5.61
  81965.021   120.365     9.51    5.17
  82340.630   121.986     4.32    4.75
  82716.235   123.094     2.95    4.23
  83091.836   124.035     2.50    4.15
  83467.433   125.179     3.05    4.19
  83843.025   127.870     7.16    4.48
  84219.120   130.440     6.83    5.06
  84595.554   134.127     9.79    5.39
  84971.984   136.922     7.42    5.21
  85348.410   140.717    10.08    5.91
  85724.831   142.729     5.35    4.94
  86101.248   142.409    -0.85    7.19
  86477.661   141.581    -2.20    8.23
  86854.070   140.282    -3.45    7.30
  87230.475   142.204     5.11    7.09
  87606.875   145.658     9.18    7.24
  87983.271   152.229    17.46    8.32
  88359.663   158.959    17.88    7.89
  88736.051   166.338    19.60    9.79
  89112.434   174.175    20.82   10.87
  89488.814   179.535    14.24    9.94
  89865.189   179.054    -1.28   10.65
  90241.559   176.179    -7.64   11.66
  90617.926   173.124    -8.12   12.30
  90994.288   172.896    -0.61   14.29
  91370.647   172.383    -1.36   11.10
  91747.001   175.332     7.83   10.11
  92123.351   182.019    17.77   13.21
  92499.696   184.332     6.15   12.25
  92876.038   190.229    15.67   11.43
  93252.375   192.387     5.73    9.72
  93628.708   196.304    10.41    8.78
  94005.037   199.146     7.55    8.02
  94381.362   203.717    12.14    9.46
  94757.682   207.283     9.48    9.81
  95133.998   211.581    11.42    9.78
  95510.310   218.743    19.03   11.40
  95886.618   225.424    17.75   12.56
  96262.922   234.754    24.79   19.91
  96639.222   249.076    38.06   24.70
  97015.517   257.662    22.82   21.88
  97391.808   257.973     0.83   19.88
  97768.095   252.986   -13.25   23.01
  98144.378   245.409   -20.14   19.36
  98520.657   238.101   -19.42   12.34
  98896.932   235.768    -6.20   12.30
  99273.202   234.689    -2.87   12.44
  99649.468   229.409   -14.03   12.95
 100025.730   224.304   -13.57   11.10
 100401.988   223.392    -2.43    9.32
 100778.242   225.879     6.61    8.57
 101154.492   229.466     9.53    8.31
 101530.737   233.986    12.01    8.23
 101906.978   237.500     9.34    9.60
 102283.215   242.772    14.01    9.65
 102659.448   245.404     7.00    8.72
 103035.677   243.229    -5.78   11.92
 103411.902   239.797    -9.12   14.49
 103788.123   237.460    -6.21   21.65
 104164.339   241.535    10.83   28.07
 104540.551   252.281    28.56   30.96
 104916.759   264.383    32.17   23.93
 105292.963   273.466    24.14   15.04
 105669.163   280.440    18.54   11.52
 106045.359   282.947     6.67   13.52
 106421.551   292.229    24.67   18.80
 106797.738   302.662    27.73   18.57
 107173.922   305.804     8.35   16.88
 107550.101   303.677    -5.66   20.65
 107926.276   281.797   -58.16   39.66
 108302.447   256.878   -66.24   43.34
 108678.614   229.285   -73.35   37.36
 109054.777   210.204   -50.72   30.31
 109430.935   194.329   -42.20   27.46
 109807.090   181.121   -35.11   16.86
 110183.240   177.640    -9.26   13.53
 110559.387   178.396     2.01   18.19
 110935.529   177.794    -1.60   19.49
 111311.667   174.306    -9.27   21.42
 111687.801   162.914   -30.29   14.41
 112063.931   153.256   -25.68   10.89
 112440.057   145.845   -19.70   10.26
 112816.178   140.529   -14.13    8.72
 113192.296   138.581    -5.18    7.83
 113568.409   142.870    11.40   10.15
 113944.519   151.255    22.29    9.54
 114320.624   159.121    20.91    9.82
 114696.725   164.527    14.37    9.74
 115072.823   172.618    21.51   11.40
 115448.916   182.281    25.69   14.65
 115825.005   194.358    32.11   16.97
 116201.090   212.067    47.09   32.57
 116577.170   256.050   116.95   60.97
 116953.247   304.702   129.36   71.91
 117329.320   369.282   171.72   78.95
 117705.388   426.024   150.88   62.86
 118081.453   460.729    92.28   41.94
 118457.513   481.650    55.63   11.50
 118833.570   483.519     4.97    2.10
 119209.622   481.429    -5.56    3.38
 119585.670   478.689    -7.29    4.34
 119961.714   474.254   -11.79    8.29
 120337.755   466.285   -21.19   18.11
 120713.791   462.653    -9.66   19.98
