# NaN NaN NaN ;Mean Elev.(m), Avg Gradient(m/km), RMS Gradient(m/km) - SRTM1     
#  294.287  -2.070   6.762 ;Mean Elev.(m), Avg Gradient(m/km), RMS Gradient(m/km) - ASTER GDEM
#  307.738  -2.709   6.110 ;Mean Elev.(m), Avg Gradient(m/km), RMS Gradient(m/km) - GMTED2010 
  7   305.927 52468.52181394 26.71 320.860359  -8.707787 11.428
  7   307.124 52468.52181459 19.83 320.859619  -8.711087 11.428
  8   303.923 52503.52180198 25.22 320.860859  -8.706615  7.524
  8   308.724 52503.52180262 16.08 320.860119  -8.709915  7.524
  8   304.375 52503.52180327 18.13 320.859389  -8.713225  7.524
  9   306.356 52538.52178676 25.57 320.861582  -8.708965  9.330
  9   307.313 52538.52178740 22.84 320.860842  -8.712265  9.330
 10   306.442 52573.52182763 22.76 320.858679  -8.706607 12.028
 10   307.038 52573.52182828 18.97 320.857939  -8.709917 12.028
 11   307.293 52608.52178660 21.94 320.863275  -8.708988  9.094
 11   307.333 52608.52178725 21.94 320.862535  -8.712288  9.094
 12   306.387 52643.52178135 42.17 320.860066  -8.708830 12.842
 12   307.074 52643.52178200 38.75 320.859326  -8.712140 12.842
 13   312.825 52678.52176303 13.33 320.865778  -8.709140 10.982
 13   311.939 52678.52176367 13.47 320.865048  -8.712450 10.982
 15   307.424 52748.52182799 20.03 320.852984  -8.705875  7.484
 15   307.069 52748.52182863 17.97 320.852244  -8.709175  7.484
 16   307.160 52783.52176844 32.32 320.859294  -8.706216  9.234
 16   306.141 52783.52176909 29.11 320.858554  -8.709516  9.234
 16   306.589 52783.52176973 19.61 320.857814  -8.712826  9.234
 17   306.625 52818.52184612 19.28 320.858769  -8.707244  6.378
 17   306.974 52818.52184676 16.21 320.858029  -8.710544  6.378
 18   306.852 52853.52189564 23.13 320.862807  -8.708083 10.873
 18   306.722 52853.52189629 19.58 320.862077  -8.711383 10.873
 20   306.362 52923.52188373 20.62 320.861793  -8.707987  8.737
 20   310.792 52923.52188438 17.71 320.861063  -8.711297  8.737
 21   306.544 52958.52185001 19.95 320.867080  -8.708308 10.710
 21   308.115 52958.52185066 16.44 320.866340  -8.711608 10.710
 22   306.637 52993.52187777 20.46 320.863417  -8.709931  7.367
 22   307.169 52993.52187842 19.60 320.862683  -8.713225  5.304
 24   306.377 53063.52185056 35.08 320.866670  -8.710748 17.302
 24   306.350 53063.52185120 36.69 320.865930  -8.714048 17.302
 25   307.152 53098.52186518 23.25 320.857658  -8.705969 15.467
 25   306.028 53098.52186582 30.81 320.856918  -8.709269 15.467
 26   308.652 53133.52184841 17.73 320.868527  -8.710959 13.070
 26   308.128 53133.52184906 19.07 320.867787  -8.714259 13.070
 28   307.285 53203.52192189 26.82 320.860832  -8.705976 12.270
 28   306.700 53203.52192253 23.82 320.860092  -8.709276 12.270
 28   307.249 53203.52192318 25.53 320.859352  -8.712576 12.270
 29   311.050 53238.52189077 16.22 320.868138  -8.709626 12.553
 29   307.566 53238.52189141 23.31 320.867398  -8.712926 12.553
 30   309.556 53273.52185133 18.94 320.862965  -8.707969 12.780
 30   309.271 53273.52185197 16.88 320.862235  -8.711269 12.780
 31   307.179 53308.52190888 20.00 320.856927  -8.706282  8.871
 31   307.340 53308.52190953 19.90 320.856187  -8.709582  8.871
 33   309.988 53378.52181770 13.90 320.864563  -8.708494  9.474
 33   307.122 53378.52181835 16.77 320.863833  -8.711794  9.474
 35   307.908 53448.52184053 36.16 320.861184  -8.707767 15.653
 35   307.900 53448.52184117 27.35 320.860454  -8.711067 15.653
 36   306.970 53483.52192504 26.23 320.855061  -8.704265  9.749
 36   306.651 53483.52192569 22.71 320.854321  -8.707575  9.749
 36   307.556 53483.52192633 24.52 320.853581  -8.710875  9.749
 37   307.355 53518.52192466 16.66 320.863234  -8.708789  9.504
 37   307.291 53518.52192531 19.81 320.862494  -8.712099  9.504
 38   306.445 53553.52194662 22.17 320.855773  -8.705791  9.822
 38   307.176 53553.52194727 20.40 320.855033  -8.709091  9.822
 40   306.548 53623.52186841 20.24 320.854706  -8.706447 10.180
 40   306.891 53623.52186906 19.38 320.853966  -8.709757 10.180
 41   307.027 53658.52189611 23.08 320.859286  -8.708445 11.185
 41   307.650 53658.52189676 19.00 320.858546  -8.711755 11.185
 42   311.668 53693.52187629 16.17 320.860989  -8.708533 10.892
 42   311.315 53693.52187693 14.15 320.860249  -8.711833 10.892
 43   311.106 53728.52179956 16.41 320.865536  -8.709968 12.509
 43   307.331 53728.52180020 21.68 320.864796  -8.713268 12.509
 44   309.775 53763.52175902 18.85 320.868046  -8.709614 10.100
 44   307.818 53763.52175966 23.59 320.867306  -8.712924 10.100
 45   307.019 53798.52176767 29.56 320.866545  -8.708360 14.681
 45   307.107 53798.52176831 33.08 320.865805  -8.711660 14.681
 47   310.546 53868.52182754 20.43 320.860078  -8.707059 25.990
 47   309.738 53868.52182819 17.74 320.859338  -8.710359 25.990
 48   306.992 53903.52185982 23.54 320.860359  -8.707836 14.641
 48   307.328 53903.52186047 18.28 320.859619  -8.711146 14.641
 49   306.975 53938.52189526 23.10 320.852286  -8.705191 11.493
 49   306.878 53938.52189590 20.78 320.851546  -8.708491 11.493
 50   307.570 53973.52185761 21.03 320.859343  -8.707848 12.329
 50   307.600 53973.52185825 16.95 320.858603  -8.711148 12.329
 51   307.600 54008.52184730 19.88 320.863016  -8.707359  9.465
 51   307.715 54008.52184794 20.71 320.862276  -8.710669  9.465
 51   307.861 54008.52184859 21.97 320.861546  -8.713969  9.465
 52   306.830 54043.52187001 19.69 320.866532  -8.709080 12.491
 52   307.787 54043.52187065 17.41 320.865792  -8.712380 12.491
 53   307.788 54078.52186324 46.13 320.862749  -8.706897 11.888
 53   307.073 54078.52186389 50.26 320.862009  -8.710197 11.888
 53   306.947 54078.52186453 50.15 320.861269  -8.713497 11.888
 54   307.764 54113.52180098 49.30 320.862577  -8.709723 14.870
 54   307.421 54113.52180162 48.28 320.861837  -8.713023 14.870
 56   308.436 54183.52179019 23.39 320.863041  -8.707777 11.357
 56   308.621 54183.52179084 20.02 320.862301  -8.711077 11.357
 57   306.514 54218.52181645 31.36 320.860728  -8.707119 14.071
 57   306.835 54218.52181710 20.09 320.859988  -8.710419 14.071
 58   307.355 54253.52184188 24.31 320.861174  -8.709031  7.073
 58   307.676 54253.52184252 19.34 320.860434  -8.712331  7.073
 59   309.450 54288.52184590 19.40 320.864113  -8.707712  6.749
 59   307.552 54288.52184654 20.81 320.863373  -8.711012  6.749
 60   309.081 54323.52184301 19.25 320.863957  -8.707638  4.826
 60   307.695 54323.52184365 18.28 320.863217  -8.710938  4.826
 61   309.579 54358.52179955 18.78 320.864389  -8.708391  4.904
 61   307.942 54358.52180019 21.44 320.863659  -8.711701  4.904
 62   307.583 54393.52178357 27.08 320.862987  -8.707659  5.499
 62   307.717 54393.52178421 25.80 320.862247  -8.710969  5.499
 63   311.849 54428.52174984 18.96 320.864339  -8.707271 10.106
 63   311.886 54428.52175048 16.32 320.863600  -8.710567  3.655
 63   307.043 54428.52175113 25.13 320.862860  -8.713877  3.655
 64   312.314 54463.52176198 16.16 320.863210  -8.706963  4.329
 64   311.861 54463.52176263 14.85 320.862470  -8.710263  4.329
 64   311.283 54463.52176327 15.47 320.861730  -8.713563  4.329
 65   305.725 54498.52175983 41.86 320.863786  -8.708907 14.678
 65   306.116 54498.52176048 34.86 320.863046  -8.712207 14.678
 66   306.118 54533.52177611 19.16 320.863646  -8.708948  7.755
 66   310.634 54533.52177676 17.00 320.862906  -8.712258  7.755
 67   306.385 54568.52176311 43.62 320.864228  -8.707551 12.025
 67   306.904 54568.52176376 43.38 320.863498  -8.710861 12.025
 67   306.304 54568.52176440 41.35 320.862758  -8.714161 12.025
 68   306.433 54603.52177074 18.24 320.861728  -8.708384 14.441
 68   306.851 54603.52177138 17.22 320.860988  -8.711684 14.441
 69   306.505 54638.52178167 23.68 320.861490  -8.707779 12.304
 69   307.150 54638.52178232 19.06 320.860750  -8.711079 12.304
 70   311.780 54673.52178429 18.54 320.861299  -8.708339 10.751
 70   311.469 54673.52178494 16.68 320.860559  -8.711639 10.751
 71   310.275 54708.52174252 19.82 320.865079  -8.708032 11.538
 71   308.370 54708.52174317 21.07 320.864349  -8.711342 11.538
 72   311.666 54743.52175088 20.18 320.861790  -8.708636  8.935
 72   310.846 54743.52175152 18.55 320.861050  -8.711946  8.935
 73   307.054 54778.52172567 24.28 320.864005  -8.708453 10.453
 73   307.773 54778.52172631 21.91 320.863265  -8.711753 10.453
 74   306.647 54813.52174357 18.92 320.862163  -8.707682  6.849
 74   307.183 54813.52174421 16.98 320.861423  -8.710982  6.849
 75   306.910 54848.52172534 18.99 320.862789  -8.709671  8.530
 75   306.994 54848.52172598 24.97 320.862049  -8.712971  8.530
 76   306.814 54883.52174742 29.21 320.861210  -8.706382  9.628
 76   307.140 54883.52174806 21.30 320.860480  -8.709692  9.628
 76   307.413 54883.52174871 26.78 320.859740  -8.712992  9.628
 77   306.621 54918.52172718 49.06 320.861121  -8.708720 17.571
 77   307.001 54918.52172782 47.94 320.860381  -8.712020 17.571
 78   308.209 54953.52174124 30.52 320.861088  -8.708288 16.869
 78   308.511 54953.52174189 21.59 320.860348  -8.711588 16.869
 79   307.216 54988.52176548 22.67 320.859946  -8.705767 11.559
 79   307.161 54988.52176612 23.15 320.859206  -8.709067 11.559
 79   307.478 54988.52176677 27.71 320.858476  -8.712377 11.559
 80   307.493 55023.52175757 22.46 320.864137  -8.707510  9.051
 80   307.378 55023.52175821 19.99 320.863397  -8.710810  9.051
 80   307.446 55023.52175886 22.10 320.862667  -8.714120  9.051
 81   307.341 55058.52175238 20.00 320.863285  -8.707095  8.460
 81   307.101 55058.52175302 17.48 320.862545  -8.710395  8.460
 81   307.513 55058.52175367 23.30 320.861805  -8.713695  8.460
 82   307.026 55093.52170746 20.57 320.862904  -8.708110  9.619
 82   307.303 55093.52170811 18.21 320.862174  -8.711420  9.619
 83   306.580 55128.52169404 41.19 320.862163  -8.707655  9.709
 83   307.025 55128.52169469 29.93 320.861433  -8.710965  9.709
 84   309.691 55163.52166862 22.06 320.863356  -8.706885  9.160
 84   307.030 55163.52166927 16.58 320.862626  -8.710195  9.160
 84   307.245 55163.52166991 25.57 320.861886  -8.713495  9.160
 85   307.605 55198.52168488 44.58 320.861771  -8.706220 12.415
 85   307.124 55198.52168552 48.50 320.861031  -8.709520 12.415
 85   307.122 55198.52168617 50.31 320.860291  -8.712830 12.415
 86   311.006 55233.52167385 19.53 320.862451  -8.707426  9.114
 86   307.307 55233.52167450 22.26 320.861711  -8.710726  9.114
 87   311.780 55268.52167996 16.92 320.862174  -8.709307 13.601
 87   307.508 55268.52168061 23.14 320.861434  -8.712617 13.601
 88   310.050 55303.52165307 22.24 320.864764  -8.709294 10.728
 88   307.615 55303.52165372 24.18 320.864024  -8.712594 10.728
 89   306.396 55338.52165320 20.86 320.862195  -8.709425 11.250
 89   307.014 55338.52165385 19.81 320.861455  -8.712725 11.250
 90   312.149 55373.52164428 13.57 320.863116  -8.709722  7.707
 90   307.079 55373.52164492 13.88 320.862386  -8.713032  7.707
 91   311.812 55408.52166417 22.37 320.864011  -8.706948  9.480
 91   307.283 55408.52166481 21.70 320.863271  -8.710248  9.480
 91   307.294 55408.52166546 28.07 320.862531  -8.713558  9.480
 92   310.947 55443.52166144 23.22 320.863452  -8.707290 10.341
 92   306.656 55443.52166209 22.17 320.862712  -8.710590 10.341
 92   307.280 55443.52166273 29.77 320.861972  -8.713890 10.341
 93   307.175 55478.52160062 31.59 320.864609  -8.709430 12.414
 93   307.658 55478.52160126 28.54 320.863879  -8.712740 12.414
