# NaN NaN NaN ;Mean Elev.(m), Avg Gradient(m/km), RMS Gradient(m/km) - SRTM1     
#   62.192  -1.190  23.230 ;Mean Elev.(m), Avg Gradient(m/km), RMS Gradient(m/km) - ASTER GDEM
#    2.364  -1.927  22.137 ;Mean Elev.(m), Avg Gradient(m/km), RMS Gradient(m/km) - GMTED2010 
  8 323.390212 -10.266129    53.615    54.290  3 52497.51411627  1.976
 11 323.385173 -10.259318     2.613     2.655  4 52602.51412836 39.533
 12 323.385369 -10.258813     3.492     3.390  4 52637.51409829 36.017
 14 323.387710 -10.263283     2.134     2.134  4 52707.51410514 34.366
 15 323.384310 -10.259885     3.384     3.489  4 52742.51413576 38.746
 17 323.384563 -10.259583     3.181     3.231  3 52812.51415597 43.655
 18 323.386717 -10.260772     3.979     3.887  4 52847.51421048 26.401
 19 323.385624 -10.260129     2.353     2.343  4 52882.51424680 50.727
 20 323.389529 -10.266751     3.083     3.114  4 52917.51420491 20.252
 22 323.393343 -10.273953     1.827     1.862  4 52987.51418155 35.563
 23 323.391912 -10.269667    75.516    74.401  3 53022.51416887  3.443
 24 323.392603 -10.270719    73.538    65.599  3 53057.51416199  0.806
 25 323.382524 -10.256601     3.355     3.194  4 53092.51419719 40.855
 29 323.393088 -10.273601    55.725    55.614  3 53232.51421230  1.181
 30 323.388244 -10.263388    77.180    74.733  3 53267.51417910  1.878
 31 323.381134 -10.251430     3.299     3.299  2 53302.51423223 22.778
 32 323.387708 -10.262386     2.353     2.336  3 53337.51420408 35.588
 33 323.390178 -10.268124     1.817     1.742  3 53372.51413996 30.873
 34 323.388970 -10.266180     2.015     2.067  4 53407.51417772 28.277
 35 323.388924 -10.264942     2.722     2.616  4 53442.51416257 26.458
 37 323.387058 -10.265074    72.691    74.026  3 53512.51424531  0.848
 38 323.384095 -10.259738     4.837     4.755  4 53547.51426255 39.231
 39 323.388312 -10.264308    60.492    51.912  3 53582.51423246  2.702
 40 323.386376 -10.262306     4.374     4.714  4 53617.51418758 29.091
 42 323.384968 -10.259180    50.729    50.314  3 53687.51420836  4.037
 43 323.390656 -10.268125     4.733     4.933  3 53722.51413516 19.981
 44 323.392057 -10.274162    55.506    55.506  2 53757.51407026  0.752
 47 323.384576 -10.261433     4.976     4.976  2 53862.51414467 19.545
 48 323.389111 -10.259768     4.625     4.625  2 53897.51416606 23.790
 50 323.383522 -10.257617     4.206     3.746  4 53967.51418831 42.504
 51 323.388939 -10.265344     2.859     2.914  3 54002.51415515 30.302
 52 323.389604 -10.266163    61.301    54.461  4 54037.51419336  0.942
 54 323.388126 -10.263759     3.456     3.389  4 54107.51413616 28.124
 55 323.387300 -10.262368     6.227     6.170  3 54142.51412186 43.348
 56 323.388438 -10.260617     5.846     5.871  3 54177.51411850 44.984
 58 323.387437 -10.262959    85.911    86.808  3 54247.51415772  1.313
 60 323.389475 -10.265382     4.202     4.110  3 54317.51416607 35.785
 64 323.388179 -10.263234     2.379     2.373  3 54457.51407928 36.274
 65 323.389206 -10.264210    72.880    75.188  3 54492.51408436  1.079
 66 323.388982 -10.265937     4.157     4.156  3 54527.51409249 24.462
 69 323.386525 -10.264115    82.251    86.993  3 54632.51410133  0.947
 71 323.389666 -10.266532    57.317    54.971  3 54702.51407340  2.167
 72 323.387666 -10.262406     2.449     2.431  3 54737.51406753 52.677
 73 323.389400 -10.263920     3.302     3.123  3 54772.51405445 22.616
 74 323.386361 -10.263366    54.894    61.252  3 54807.51406094  3.607
 75 323.388340 -10.264691     2.004     1.992  4 54842.51405113 28.597
 77 323.387271 -10.262783     3.480     3.632  4 54912.51405533 31.675
 78 323.386487 -10.261387    70.908   103.405  3 54947.51405486 30.442
 80 323.388229 -10.263652    85.217    84.808  4 55017.51408055  2.374
 81 323.388856 -10.265949     4.860     4.872  4 55052.51407579 19.965
 82 323.388272 -10.263755    77.136    77.407  4 55087.51403898  1.795
 83 323.388599 -10.264056    53.377    53.435  3 55122.51401149  2.521
 84 323.387635 -10.262558     4.415     4.560  3 55157.51399928 22.931
 85 323.387108 -10.261938    84.390    83.788  3 55192.51400043  0.978
 86 323.387661 -10.262796     4.055     4.094  4 55227.51400101 38.337
 87 323.388373 -10.264352     3.898     3.991  3 55262.51399640 31.979
 88 323.388659 -10.265769    72.500    73.086  4 55297.51398478  2.302
 92 323.389554 -10.265845     3.904     3.659  4 55437.51398566 20.394
 93 323.389630 -10.263651    34.904    34.904  2 55472.51393517 13.136
