# NaN NaN NaN ;Mean Elev.(m), Avg Gradient(m/km), RMS Gradient(m/km) - SRTM1     
#   22.003  -5.827  21.557 ;Mean Elev.(m), Avg Gradient(m/km), RMS Gradient(m/km) - ASTER GDEM
#    7.885  -3.285  21.220 ;Mean Elev.(m), Avg Gradient(m/km), RMS Gradient(m/km) - GMTED2010 
  8     8.736 52481.51606073 39.91 322.752083  -9.876405 17.736
  8     8.846 52481.51606137 37.10 322.751343  -9.879705 17.736
  8     8.490 52481.51606202 39.80 322.750603  -9.883005 17.736
  8     9.061 52481.51606266 36.32 322.749863  -9.886315 17.736
  8     8.701 52481.51606331 37.72 322.749123  -9.889615 17.736
  9     8.406 52516.51601589 49.66 322.757563  -9.889890 14.597
  9     8.377 52516.51601653 51.14 322.756823  -9.893190 14.597
 10     8.286 52551.51606114 22.54 322.750259  -9.873426 20.511
 10     8.633 52551.51606179 23.71 322.749519  -9.876736 20.511
 10     8.990 52551.51606243 19.45 322.748779  -9.880036 20.511
 10     7.947 52551.51606308 18.65 322.748039  -9.883336 20.511
 11    10.296 52586.51603847 24.61 322.759440  -9.891763 17.797
 11    10.466 52586.51603911 16.56 322.758700  -9.895073 17.797
 12     9.130 52621.51601118 42.26 322.754432  -9.881320 21.505
 12     9.610 52621.51601182 28.19 322.753692  -9.884620 21.505
 12     8.638 52621.51601246 23.03 322.752952  -9.887920 21.505
 12    11.218 52621.51601311 30.37 322.752212  -9.891220 21.505
 15    11.532 52726.51604370 25.77 322.754884  -9.888154  6.273
 15     9.588 52726.51604434 31.61 322.754144  -9.891454  6.273
 18    10.152 52831.51608722 25.76 322.759070  -9.889445 18.417
 18    10.311 52831.51608787 17.63 322.758330  -9.892745 18.417
 18     9.227 52831.51608851 18.17 322.757590  -9.896055 18.417
 20    11.054 52901.51615541 24.87 322.753972  -9.882284 16.762
 20    11.374 52901.51615605 17.69 322.753222  -9.885584 16.762
 20    12.586 52901.51615670 14.83 322.752482  -9.888884 16.762
 20    15.649 52901.51615734 29.42 322.751742  -9.892194 16.762
 21     7.369 52936.51609614 28.37 322.754155  -9.882394 16.081
 21    11.352 52936.51609678 17.08 322.753415  -9.885694 16.081
 21    13.801 52936.51609743 13.42 322.752675  -9.888994 16.081
 21    16.847 52936.51609807 32.05 322.751935  -9.892294 16.081
 22     8.510 52971.51612268 41.15 322.752183  -9.885534 18.063
 22     9.221 52971.51612332 38.85 322.751443  -9.888834 18.063
 23    10.209 53006.51613362 39.11 322.750310  -9.875966 19.050
 23     9.946 53006.51613426 38.88 322.749560  -9.879266 19.050
 23     9.828 53006.51613491 42.79 322.748820  -9.882566 19.050
 23     9.171 53006.51613555 44.62 322.748080  -9.885876 19.050
 25    10.040 53076.51611970 25.21 322.751911  -9.877802 15.348
 25     9.419 53076.51612034 24.36 322.751171  -9.881102 15.348
 26    12.653 53111.51608885 24.63 322.749519  -9.874036 23.100
 26    11.045 53111.51608949 23.66 322.748779  -9.877336 23.100
 26    13.666 53111.51609014 20.07 322.748039  -9.880646 23.100
 28     8.177 53181.51614116 42.09 322.757370  -9.890541 16.319
 28     8.273 53181.51614180 45.36 322.756630  -9.893841 16.319
 29    11.487 53216.51616240 38.44 322.753751  -9.880105 12.011
 29    10.950 53216.51616305 41.92 322.753011  -9.883405 12.011
 29    10.532 53216.51616369 45.00 322.752271  -9.886715 12.011
 29    11.257 53216.51616433 43.51 322.751531  -9.890015 12.011
 30     8.795 53251.51614090 29.40 322.752424  -9.880510 18.263
 30     8.571 53251.51614154 21.91 322.751684  -9.883810 18.263
 30     8.720 53251.51614219 17.83 322.750944  -9.887110 18.263
 31    10.457 53286.51613401 28.45 322.749660  -9.873454 10.373
 31     9.057 53286.51613466 31.41 322.748920  -9.876764 10.373
 31     9.668 53286.51613530 28.14 322.748180  -9.880064 10.373
 31     8.923 53286.51613595 30.63 322.747440  -9.883364 10.373
 35    13.563 53426.51609094 25.28 322.758328  -9.888854 14.247
 35    13.817 53426.51609159 22.08 322.757591  -9.892155 14.803
 35    13.440 53426.51609223 24.39 322.756851  -9.895455 14.803
 37    11.305 53496.51617781 25.74 322.748982  -9.873378 15.905
 37    11.781 53496.51617845 22.22 322.748242  -9.876678 15.905
 37    14.265 53496.51617910 19.86 322.747502  -9.879988 15.905
 38    10.100 53531.51615965 22.12 322.757731  -9.891322  9.951
 38    10.696 53531.51616030 19.01 322.756991  -9.894632  9.951
 39    11.868 53566.51618155 22.95 322.750595  -9.874820 20.266
 39    10.233 53566.51618219 22.55 322.749845  -9.878120 20.266
 39     9.771 53566.51618284 21.27 322.749105  -9.881430 20.266
 39    10.902 53566.51618348 18.17 322.748365  -9.884730 20.266
 40     8.697 53601.51612767 31.02 322.756224  -9.888662 15.414
 40     8.998 53601.51612832 33.22 322.755489  -9.891963 13.824
 41     9.353 53636.51612294 26.25 322.751543  -9.876744 10.331
 41     8.975 53636.51612358 24.70 322.750803  -9.880054 10.331
 41     8.715 53636.51612423 21.81 322.750063  -9.883354 10.331
 41     8.712 53636.51612487 19.42 322.749323  -9.886654 10.331
 42     8.863 53671.51614405 38.42 322.750416  -9.876316 15.637
 42     9.860 53671.51614470 29.26 322.749676  -9.879616 15.637
 42     8.813 53671.51614534 22.64 322.748936  -9.882926 15.637
 42     8.534 53671.51614599 22.53 322.748196  -9.886226 15.637
 44     8.177 53741.51599133 29.07 322.758795  -9.890430 14.071
 44     8.316 53741.51599198 21.35 322.758046  -9.893732  8.023
 45     8.766 53776.51601486 26.46 322.758074  -9.890871  6.142
 45     8.970 53776.51601551 24.50 322.757334  -9.894171  6.142
 49     9.348 53916.51612277 30.46 322.749610  -9.872187 14.112
 49     9.400 53916.51612341 32.13 322.748870  -9.875497 14.112
 49     9.235 53916.51612406 23.64 322.748130  -9.878797 14.112
 49     8.672 53916.51612470 20.29 322.747390  -9.882097 14.112
 52     9.330 54021.51610844 31.12 322.754869  -9.883342 14.922
 52     9.015 54021.51610908 22.73 322.754129  -9.886642 14.922
 52    11.726 54021.51610973 19.31 322.753389  -9.889942 14.922
 54     9.152 54091.51608544 33.46 322.755746  -9.886516 15.532
 54     9.124 54091.51608609 21.87 322.755006  -9.889816 15.532
 55     9.505 54126.51601680 26.33 322.754542  -9.885575 15.597
 55     9.167 54126.51601745 21.03 322.753802  -9.888885 15.597
 55    11.512 54126.51601809 28.19 322.753062  -9.892185 15.597
 57     9.238 54196.51601844 30.27 322.754594  -9.882763 12.907
 57     9.083 54196.51601909 25.20 322.753849  -9.886064 15.603
 57    10.712 54196.51601973 22.66 322.753109  -9.889364 15.603
 58     9.000 54231.51606557 27.18 322.754973  -9.884523 14.573
 58     8.753 54231.51606621 24.43 322.754233  -9.887823 14.573
 59     9.378 54266.51608378 31.64 322.755338  -9.885519 12.004
 59     8.928 54266.51608443 28.04 322.754598  -9.888819 12.004
 60     9.555 54301.51608903 50.56 322.755330  -9.887744 11.737
 60     9.586 54301.51608968 49.24 322.754591  -9.891044 15.789
 62     9.394 54371.51602093 29.81 322.755174  -9.885110 18.106
 62     9.173 54371.51602157 23.45 322.754424  -9.888410 18.106
 63    12.721 54406.51602045 37.48 322.754855  -9.882075 23.313
 63    12.369 54406.51602109 28.69 322.754115  -9.885385 23.313
 63    12.069 54406.51602174 24.74 322.753375  -9.888685 23.313
 63    14.698 54406.51602238 23.44 322.752635  -9.891985 23.313
 65    11.234 54476.51600933 15.99 322.755500  -9.886802 16.736
 65    12.116 54476.51600998 14.50 322.754750  -9.890102 16.736
 65    14.412 54476.51601062 15.56 322.754010  -9.893402 16.736
 66     7.290 54511.51599554 31.07 322.754579  -9.885065 16.748
 66     7.554 54511.51599619 23.73 322.753839  -9.888365 16.748
 66     7.648 54511.51599683 29.40 322.753099  -9.891675 16.748
 68     7.629 54581.51599082 38.31 322.755874  -9.886514 14.481
 68     7.368 54581.51599146 30.62 322.755134  -9.889814 13.504
 68     7.431 54581.51599211 25.09 322.754394  -9.893114 13.504
 69     7.977 54616.51601274 42.71 322.755546  -9.886700 12.237
 69     7.805 54616.51601339 40.28 322.754806  -9.890000 12.237
 69     7.823 54616.51601403 32.52 322.754066  -9.893298 12.577
 70     8.539 54651.51602437 43.41 322.753868  -9.880949 12.004
 70     8.621 54651.51602502 41.91 322.753128  -9.884259 12.004
 70     8.294 54651.51602566 43.20 322.752388  -9.887559 12.004
 70     8.227 54651.51602631 40.97 322.751648  -9.890859 12.004
 71     8.879 54686.51601669 42.03 322.755179  -9.884350 17.515
 71     8.832 54686.51601733 42.65 322.754439  -9.887650 17.515
 71     8.737 54686.51601798 42.95 322.753689  -9.890950 17.515
 72     9.074 54721.51597033 22.44 322.755215  -9.883516 13.489
 72     9.074 54721.51597097 20.15 322.754469  -9.886814 10.057
 72     8.725 54721.51597162 21.73 322.753729  -9.890114 10.057
 74    12.268 54791.51596343 14.57 322.753548  -9.880599 11.779
 74    10.583 54791.51596408 23.15 322.752802  -9.883899 10.557
 74     9.302 54791.51596472 20.49 322.752062  -9.887199 10.557
 74    14.399 54791.51596537 14.27 322.751322  -9.890499 10.557
 75     8.610 54826.51598869 34.52 322.755100  -9.883755 11.387
 75     8.400 54826.51598933 28.49 322.754360  -9.887055 11.387
 75     8.002 54826.51598998 30.26 322.753620  -9.890355 11.387
 76    10.624 54861.51595792  7.02 322.754961  -9.883762 11.465
 76    10.682 54861.51595857 14.93 322.754221  -9.887062 11.465
 76    12.683 54861.51595921 19.20 322.753481  -9.890362 11.465
 77    10.795 54896.51598932 28.28 322.754236  -9.881599 12.744
 77    12.253 54896.51598996 21.39 322.753496  -9.884899 12.744
 77    12.473 54896.51599061 17.59 322.752756  -9.888199 12.744
 77    17.154 54896.51599125 19.00 322.752018  -9.891500  7.640
 80    16.251 55001.51600955 35.09 322.752849  -9.879648 21.704
 80    15.288 55001.51601020 34.79 322.752109  -9.882948 21.704
 80    17.831 55001.51601084 36.59 322.751369  -9.886258 21.704
 80    17.553 55001.51601148 37.96 322.750629  -9.889558 21.704
 81    11.474 55036.51599626 42.02 322.755630  -9.886404 16.227
 81    12.237 55036.51599691 35.52 322.754890  -9.889704 16.227
 81    11.770 55036.51599755 31.56 322.754140  -9.893004 16.227
 83     7.349 55106.51592831 31.73 322.753419  -9.882734 13.062
 83    12.483 55106.51592896 22.77 322.752679  -9.886034 13.062
 83    16.582 55106.51592960 25.75 322.751934  -9.889332  3.517
 84     8.575 55141.51593419 25.42 322.754407  -9.883032 16.273
 84     8.697 55141.51593484 18.18 322.753667  -9.886332 16.273
 84    11.655 55141.51593548 15.60 322.752927  -9.889632 16.273
 85    11.106 55176.51589791 15.74 322.754557  -9.886420 12.817
 85    15.108 55176.51589855 14.78 322.753817  -9.889730 12.817
 85    16.126 55176.51589920 16.23 322.753077  -9.893030 12.817
 86     9.746 55211.51592895 25.40 322.754718  -9.883255  9.304
 86     9.133 55211.51592959 18.61 322.753978  -9.886565  9.304
 86    10.994 55211.51593024 19.90 322.753238  -9.889865  9.304
 87    11.761 55246.51590143 21.67 322.754717  -9.881792 14.016
 87    11.346 55246.51590208 15.23 322.753977  -9.885092 14.016
 87    12.449 55246.51590272 11.73 322.753233  -9.888392 14.247
 87    14.420 55246.51590337 14.82 322.752493  -9.891692 14.247
 88     8.029 55281.51592195 34.16 322.754691  -9.882851 16.349
 88     8.614 55281.51592259 24.17 322.753951  -9.886161 16.349
 89     8.281 55316.51588927 43.60 322.754343  -9.881922 13.433
 89     8.287 55316.51588992 46.57 322.753603  -9.885232 13.433
 89     8.333 55316.51589056 44.64 322.752863  -9.888532 13.433
 89     8.326 55316.51589121 44.21 322.752123  -9.891831 14.088
 90     9.846 55351.51589456 32.76 322.755213  -9.883609 19.626
 90     9.802 55351.51589521 20.94 322.754473  -9.886909 19.626
 90    13.255 55351.51589585 17.30 322.753733  -9.890209 19.626
 91     8.250 55386.51588882 29.51 322.753597  -9.880319  9.167
 91     8.213 55386.51588947 31.91 322.752857  -9.883619  9.167
 91     7.763 55386.51589011 29.17 322.752113  -9.886918 14.645
 91     7.993 55386.51589076 25.80 322.751373  -9.890218 14.645
 92     7.837 55421.51591288 42.90 322.755233  -9.887179 11.520
 92     7.932 55421.51591353 36.37 322.754493  -9.890479 11.520
 93     8.159 55456.51588799 35.57 322.755384  -9.886402 21.546
 93     8.218 55456.51588863 23.40 322.754634  -9.889702 21.546
