# NaN NaN NaN ;Mean Elev.(m), Avg Gradient(m/km), RMS Gradient(m/km) - SRTM1     
#  294.287  -2.070   6.762 ;Mean Elev.(m), Avg Gradient(m/km), RMS Gradient(m/km) - ASTER GDEM
#  307.738  -2.709   6.110 ;Mean Elev.(m), Avg Gradient(m/km), RMS Gradient(m/km) - GMTED2010 
  7 320.859989  -8.709437   306.526   306.526  2 52468.52181427 24.510
  8 320.860122  -8.709918   305.674   304.375  3 52503.52180262 21.646
  9 320.861212  -8.710615   306.835   306.835  2 52538.52178708 24.416
 10 320.858309  -8.708262   306.740   306.740  2 52573.52182795 21.266
 11 320.862905  -8.710638   307.313   307.313  2 52608.52178692 21.940
 12 320.859696  -8.710485   306.730   306.730  2 52643.52178167 40.788
 13 320.865413  -8.710795   312.382   312.382  2 52678.52176335 13.401
 15 320.852614  -8.707525   307.246   307.246  2 52748.52182831 19.121
 16 320.858554  -8.709519   306.630   306.589  3 52783.52176909 29.399
 17 320.858399  -8.708894   306.800   306.800  2 52818.52184644 18.011
 18 320.862442  -8.709733   306.787   306.787  2 52853.52189596 21.708
 20 320.861428  -8.709642   308.577   308.577  2 52923.52188405 19.404
 21 320.866710  -8.709958   307.329   307.329  2 52958.52185033 18.540
 22 320.863050  -8.711578   306.903   306.903  2 52993.52187809 20.051
 24 320.866300  -8.712398   306.364   306.364  2 53063.52185088 35.959
 25 320.857288  -8.707619   306.590   306.590  2 53098.52186550 28.502
 26 320.868157  -8.712609   308.390   308.390  2 53133.52184874 18.451
 28 320.860092  -8.709276   307.078   307.249  3 53203.52192253 25.559
 29 320.867768  -8.711276   309.308   309.308  2 53238.52189109 21.075
 30 320.862600  -8.709619   309.414   309.414  2 53273.52185165 18.031
 31 320.856557  -8.707932   307.260   307.260  2 53308.52190921 19.950
 33 320.864198  -8.710144   308.555   308.555  2 53378.52181802 15.568
 35 320.860819  -8.709417   307.904   307.904  2 53448.52184085 33.686
 36 320.854321  -8.707572   307.059   306.970  3 53483.52192569 24.720
 37 320.862864  -8.710444   307.323   307.323  2 53518.52192499 18.515
 38 320.855403  -8.707441   306.811   306.811  2 53553.52194695 21.375
 40 320.854336  -8.708102   306.720   306.720  2 53623.52186874 19.831
 41 320.858916  -8.710100   307.339   307.339  2 53658.52189643 21.502
 42 320.860619  -8.710183   311.491   311.491  2 53693.52187661 15.276
 43 320.865166  -8.711618   309.218   309.218  2 53728.52179988 19.800
 44 320.867676  -8.711269   308.797   308.797  2 53763.52175934 21.837
 45 320.866175  -8.710010   307.063   307.063  2 53798.52176799 31.667
 47 320.859708  -8.708709   310.142   310.142  2 53868.52182787 19.290
 48 320.859989  -8.709491   307.160   307.160  2 53903.52186015 21.662
 49 320.851916  -8.706841   306.927   306.927  2 53938.52189558 22.093
 50 320.858973  -8.709498   307.585   307.585  2 53973.52185793 19.452
 51 320.862279  -8.710666   307.725   307.715  3 54008.52184794 20.939
 52 320.866162  -8.710730   307.309   307.309  2 54043.52187033 18.698
 53 320.862009  -8.710197   307.270   307.073  3 54078.52186389 49.220
 54 320.862207  -8.711373   307.593   307.593  2 54113.52180130 48.820
 56 320.862671  -8.709427   308.529   308.529  2 54183.52179052 22.024
 57 320.860358  -8.708769   306.674   306.674  2 54218.52181678 28.662
 58 320.860804  -8.710681   307.515   307.515  2 54253.52184220 22.500
 59 320.863743  -8.709362   308.501   308.501  2 54288.52184622 20.162
 60 320.863587  -8.709288   308.388   308.388  2 54323.52184333 18.792
 61 320.864024  -8.710046   308.761   308.761  2 54358.52179987 20.311
 62 320.862617  -8.709314   307.650   307.650  2 54393.52178389 26.487
 63 320.863600  -8.710572   310.259   311.849  3 54428.52175048 21.736
 64 320.862470  -8.710263   311.819   311.861  3 54463.52176263 15.526
 65 320.863416  -8.710557   305.921   305.921  2 54498.52176016 39.640
 66 320.863276  -8.710603   308.376   308.376  2 54533.52177643 18.213
 67 320.863495  -8.710858   306.531   306.385  3 54568.52176376 42.896
 68 320.861358  -8.710034   306.642   306.642  2 54603.52177106 17.760
 69 320.861120  -8.709429   306.827   306.827  2 54638.52178199 21.957
 70 320.860929  -8.709989   311.624   311.624  2 54673.52178462 17.709
 71 320.864714  -8.709687   309.322   309.322  2 54708.52174284 20.490
 72 320.861420  -8.710291   311.256   311.256  2 54743.52175120 19.441
 73 320.863635  -8.710103   307.413   307.413  2 54778.52172599 23.255
 74 320.861793  -8.709332   306.915   306.915  2 54813.52174389 18.057
 75 320.862419  -8.711321   306.952   306.952  2 54848.52172566 22.937
 76 320.860477  -8.709689   307.122   307.140  3 54883.52174806 26.827
 77 320.860751  -8.710370   306.811   306.811  2 54918.52172750 48.536
 78 320.860718  -8.709938   308.360   308.360  2 54953.52174156 28.033
 79 320.859209  -8.709070   307.285   307.216  3 54988.52176612 25.148
 80 320.863400  -8.710813   307.439   307.446  3 55023.52175821 21.645
 81 320.862545  -8.710395   307.318   307.341  3 55058.52175302 20.908
 82 320.862539  -8.709765   307.164   307.164  2 55093.52170779 19.548
 83 320.861798  -8.709310   306.802   306.802  2 55128.52169437 38.493
 84 320.862623  -8.710192   307.989   307.245  3 55163.52166927 22.763
 85 320.861031  -8.709523   307.284   307.124  3 55198.52168552 48.386
 86 320.862081  -8.709076   309.157   309.157  2 55233.52167417 21.106
 87 320.861804  -8.710962   309.644   309.644  2 55268.52168029 21.060
 88 320.864394  -8.710944   308.832   308.832  2 55303.52165340 23.317
 89 320.861825  -8.711075   306.705   306.705  2 55338.52165352 20.367
 90 320.862751  -8.711377   309.614   309.614  2 55373.52164460 13.728
 91 320.863271  -8.710251   308.796   307.294  3 55408.52166481 25.059
 92 320.862712  -8.710590   308.294   307.280  3 55443.52166209 26.445
 93 320.864244  -8.711085   307.417   307.417  2 55478.52160094 30.327
