-206424.354   125.626     0.00   20.87
-206048.109   123.563    -5.48   20.60
-205671.861   122.091    -3.91   21.44
-205295.609   118.154   -10.46   22.15
-204919.354   124.192    16.05   29.91
-204543.095   136.114    31.68   41.80
-204166.833   163.200    71.98   48.23
-203790.567   193.400    80.26   42.60
-203414.298   200.365    18.51   44.97
-203038.025   198.904    -3.88   40.12
-202661.748   188.929   -26.51   45.85
-202285.468   165.750   -61.60   41.47
-201909.184   153.096   -33.63   35.48
-201532.897   143.508   -25.48   28.20
-201156.606   135.134   -22.25   28.69
-200780.312   135.389     0.68   35.41
-200404.014   148.745    35.49   53.74
-200027.713   163.775    39.94   65.97
-199651.408   180.673    44.90   60.40
-199275.099   179.416    -3.34   64.65
-198898.787   151.704   -73.64   60.92
-198522.471   117.929   -89.75   37.64
-198146.152    97.713   -53.72   16.33
-197769.829    91.497   -16.52   10.18
-197393.502    94.790     8.75   14.36
-197017.172   102.596    20.74   16.31
-196640.839   112.391    26.03   14.16
-196264.501   115.957     9.48   10.77
-195888.161   113.324    -7.00   12.31
-195511.816   106.985   -16.84   10.96
-195135.468   104.929    -5.46    9.69
-194759.117   102.654    -6.04    9.06
-194382.761   106.308     9.71    9.32
-194006.402   110.219    10.39   10.39
-193630.040   113.903     9.79   12.00
-193253.674   116.673     7.36   10.86
-192877.304   117.740     2.84    8.03
-192500.931   121.554    10.13    9.82
-192124.554   127.468    15.71   15.52
-191748.553   134.497    18.69   18.51
-191372.892   141.091    17.55   18.65
-190997.227   148.929    20.86   17.41
-190621.559   155.596    17.75   16.45
-190245.887   168.083    33.24   22.34
-189870.212   177.318    24.58   23.30
-189494.533   193.798    43.86   19.98
-189118.850   206.790    34.58   21.72
-188743.164   228.587    58.02   33.68
-188367.474   265.029    97.00   49.58
-187991.781   304.848   105.98   51.45
-187616.084   353.587   129.72   58.86
-187240.383   402.114   129.16   56.19
-186864.679   449.579   126.33   61.48
-186488.971   491.389   111.28   46.31
-186113.260   514.079    60.39   28.62
-185737.545   525.852    31.33   10.77
-185361.826   523.443    -6.41   12.02
-184986.103   523.794     0.94   10.86
-184610.378   525.119     3.52   10.80
-184234.648   527.417     6.12   11.18
-183858.915   533.314    15.70   11.27
-183483.178   538.374    13.47   12.25
-183107.437   550.456    32.15   17.54
-182731.693   564.235    36.67   20.91
-182355.945   579.535    40.72   20.58
-181980.194   592.852    35.44   13.23
-181604.439   600.335    19.91    6.08
-181228.680   603.614     8.73    2.24
-180852.918   604.535     2.45    1.48
-180477.152   604.554     0.05    1.67
-180101.382   603.605    -2.53    1.86
-179725.609   602.304    -3.46    2.65
-179349.832   600.587    -4.57    2.97
-178974.051   597.929    -7.07    3.27
-178598.267   595.632    -6.11    3.49
-178222.479   593.124    -6.67    2.96
-177846.688   590.904    -5.91    2.94
-177470.892   589.211    -4.50    2.28
-177095.093   587.902    -3.49    1.63
-176719.291   586.801    -2.93    1.69
-176343.485   585.957    -2.25    1.68
-175967.675   584.824    -3.01    1.96
-175591.861   583.673    -3.06    1.92
-175216.044   582.389    -3.42    1.61
-174840.223   581.324    -2.83    1.46
-174464.398   580.263    -2.82    1.71
-174088.570   578.954    -3.48    1.67
-173712.738   577.740    -3.23    1.76
-173336.902   576.829    -2.42    1.63
-172961.063   575.692    -3.02    1.48
-172585.220   574.929    -2.03    1.41
-172209.373   574.173    -2.01    1.69
-171833.523   573.402    -2.05    1.86
-171457.669   573.263    -0.37    1.83
-171081.811   573.160    -0.27    1.88
-170705.950   573.290     0.35    1.69
-170330.085   573.314     0.06    1.62
-169954.216   573.263    -0.14    1.45
-169578.343   573.417     0.41    1.47
-169202.467   572.724    -1.84    1.64
-168826.587   571.767    -2.55    2.01
-168450.703   570.140    -4.33    2.59
-168074.816   568.314    -4.86    2.58
-167698.925   565.804    -6.68    3.44
-167323.030   562.848    -7.86    3.66
-166947.132   560.204    -7.03    3.98
-166571.229   556.692    -9.34    4.61
-166195.323   552.767   -10.44    4.86
-165819.414   548.848   -10.42    4.92
-165443.500   544.844   -10.65    4.64
-165067.583   540.288   -12.12    4.90
-164691.662   535.545   -12.62    6.01
-164315.738   530.402   -13.68    8.66
-163939.810   523.545   -18.24    9.55
-163563.878   519.402   -11.02    7.34
-163187.942   518.904    -1.32    6.58
-162812.002   522.134     8.59    7.99
-162436.059   527.335    13.83    7.76
-162060.112   533.298    15.86    6.40
-161684.162   537.058    10.00    6.10
-161308.207   540.504     9.17    6.80
-160932.249   545.010    11.99    6.43
-160556.287   548.704     9.82    6.41
-160180.322   553.061    11.59    5.89
-159804.352   557.767    12.52    5.37
-159428.379   562.902    13.66    5.74
-159052.402   568.207    14.11    5.49
-158676.422   572.955    12.63    5.48
-158300.437   577.981    13.37    4.89
-157924.449   581.707     9.91    4.63
-157548.457   586.211    11.98    4.65
-157172.462   589.735     9.37    3.47
-156796.462   592.827     8.22    3.47
-156420.459   595.852     8.05    3.07
-156044.452   598.524     7.10    3.52
-155668.441   601.692     8.43    3.53
-155292.427   604.211     6.70    3.32
-154916.409   607.079     7.63    3.35
-154540.387   610.173     8.23    3.35
-154164.361   612.179     5.34    3.01
-153788.331   613.982     4.79    1.93
-153412.298   614.902     2.45    1.19
-153036.261   614.308    -1.58    1.96
-152660.220   612.818    -3.96    2.70
-152284.175   607.827   -13.27   14.18
-151908.127   585.109   -60.41   43.11
-151532.075   556.318   -76.56   59.28
-151156.019   510.468  -121.92   65.00
-150779.959   470.985  -104.99   45.81
-150403.895   442.798   -74.95   31.85
-150027.828   422.545   -53.85   29.58
-149651.756   404.037   -49.21   31.78
-149275.681   380.614   -62.28   39.07
-148899.603   361.647   -50.43   40.26
-148523.520   353.829   -20.79   36.28
-148147.434   341.794   -32.00   35.51
-147771.343   332.279   -25.30   34.92
-147395.249   322.192   -26.82   42.18
-147019.152   323.686     3.97   48.68
-146643.050   325.524     4.89   47.01
-146266.944   333.152    20.28   44.83
-145890.835   335.622     6.57   36.07
-145514.722   313.288   -59.38   49.30
-145138.605   289.068   -64.39   57.37
-144762.485   249.903  -104.13   48.05
-144386.360   219.735   -80.20   21.83
-144010.232   205.798   -37.05   16.09
-143634.099   195.365   -27.74   13.76
-143257.963   186.605   -23.29   11.18
-142881.824   180.666   -15.79    7.03
-142505.680   178.271    -6.37    6.14
-142129.532   178.704     1.15    6.15
-141753.381   177.254    -3.86    4.88
-141377.226   175.879    -3.65    4.82
-141001.067   174.160    -4.57    4.88
-140624.904   172.659    -3.99    4.38
-140248.737   171.632    -2.73    4.66
-139872.567   169.707    -5.12    6.35
-139496.393   167.314    -6.36    6.55
-139120.214   164.929    -6.34    6.35
-138744.032   162.985    -5.17    5.72
-138367.846   159.771    -8.54    5.95
-137991.657   156.957    -7.48    6.82
-137615.463   151.482   -14.55    7.10
-137239.265   145.479   -15.96    7.08
-136863.064   141.146   -11.52    7.36
-136486.859   136.166   -13.24    8.03
-136110.650   131.403   -12.66    9.15
-135734.437   128.263    -8.35    9.85
-135358.220   125.524    -7.28    8.71
-134982.000   123.654    -4.97    8.11
-134605.775   120.271    -8.99    7.83
-134229.547   119.362    -2.42    7.19
-133853.314   117.335    -5.39    6.48
-133477.078   117.485     0.40    6.27
-133100.838   119.545     5.47    8.17
-132724.594   122.340     7.43    8.88
-132348.347   125.624     8.73    7.41
-131972.095   126.324     1.86    6.77
-131595.840   125.686    -1.70    5.96
-131219.580   124.850    -2.22    4.86
-130843.317   122.854    -5.30    4.38
-130467.050   121.443    -3.75    4.17
-130090.779   118.403    -8.08    6.38
-129714.504   115.561    -7.55    6.25
-129338.225   113.058    -6.65    6.40
-128961.942   111.902    -3.07    6.62
-128585.655   112.729     2.20    7.35
-128209.365   112.692    -0.10    7.05
-127833.071   112.513    -0.48    6.79
-127456.772   108.902    -9.59    8.33
-127080.470   105.929    -7.90    8.03
-126704.164   107.699     4.70    9.71
-126327.854   113.032    14.17   10.45
-125951.540   118.929    15.67    7.05
-125575.222   122.091     8.40    2.44
-125198.900   120.875    -3.23    4.10
-124822.574   119.416    -3.88    4.61
-124446.245   117.404    -5.34    4.95
-124069.911   115.416    -5.28    5.23
-123693.574   110.237   -13.76    7.88
-123317.232   106.140   -10.89    8.31
-122940.887   102.519    -9.62    6.95
-122564.538   103.335     2.17    8.74
-122188.185   109.229    15.66   10.60
-121811.828   116.508    19.34    9.65
-121435.467   121.318    12.78    7.38
-121059.102   127.324    15.96    7.86
-120682.733   133.497    16.40    9.81
-120306.360   135.350     4.92    8.72
-119929.983   137.827     6.58    7.43
-119553.602   142.461    12.31    8.77
-119177.218   143.875     3.76    9.05
-118800.829   144.281     1.08    8.28
-118424.437   142.010    -6.03    8.89
-118048.040   136.596   -14.38    8.58
-117671.640   131.037   -14.77    6.89
-117295.235   126.878   -11.05    6.72
-116918.827   123.596    -8.72    6.00
-116543.145   120.365    -8.60    6.15
-116167.529   117.281    -8.21    6.67
-115791.909   115.379    -5.06    5.94
-115416.285   112.719    -7.08    5.68
-115040.657   111.985    -1.95    5.30
-114665.025   113.801     4.84    6.43
-114289.389   117.037     8.62    6.52
-113913.749   121.587    12.11    5.55
-113538.105   126.468    12.99    5.36
-113162.457   131.444    13.25    5.98
-112786.805   136.740    14.10    6.32
-112411.149   139.470     7.27    4.87
-112035.490   140.983     4.03    3.51
-111659.826   141.754     2.05    3.79
-111284.158   142.632     2.34    3.07
-110908.487   142.854     0.59    5.15
-110532.811   142.237    -1.64    6.91
-110157.132   139.417    -7.51    8.57
-109781.448   137.524    -5.04    8.43
-109405.760   136.750    -2.06    7.55
-109030.069   138.087     3.56    7.46
-108654.374   139.985     5.05    7.70
-108278.674   140.535     1.46    8.64
-107902.971   141.457     2.46    7.90
-107527.263   140.673    -2.09    7.54
-107151.552   141.134     1.23    6.80
-106775.837   139.624    -4.02    6.37
-106400.117   136.119    -9.33    6.67
-106024.394   132.389    -9.93    6.90
-105648.667   127.497   -13.02    7.07
-105272.935   125.329    -5.77    6.05
-104897.200   122.713    -6.96    6.84
-104521.461   122.058    -1.74    8.49
-104145.718   125.614     9.46   14.43
-103769.970   130.365    12.65   18.47
-103394.219   131.929     4.16   17.11
-103018.464   129.854    -5.52   15.77
-102642.704   127.429    -6.45   12.80
-102266.941   126.513    -2.44    9.92
-101891.174   130.324    10.14    9.16
-101515.402   132.679     6.27    6.98
-101139.627   133.237     1.48    6.85
-100763.848   129.827    -9.07    7.76
-100388.064   126.235    -9.56    7.26
-100012.277   121.416   -12.82    9.08
 -99636.486   117.578   -10.21    8.56
 -99260.690   114.083    -9.30    8.58
 -98884.891   110.279   -10.12    7.41
 -98509.087   108.200    -5.53    7.18
 -98133.280   106.314    -5.02    7.34
 -97757.468   106.350     0.10    9.39
 -97381.653   108.877     6.72   11.45
 -97005.833   112.497     9.63   11.92
 -96630.009   113.979     3.94   10.04
 -96254.182   116.350     6.31    8.78
 -95878.350   115.659    -1.84    7.72
 -95502.514   113.140    -6.70    7.65
 -95126.674   110.068    -8.17    8.76
 -94750.831   106.186   -10.33    8.24
 -94374.983   102.365   -10.16    7.87
 -93999.131   100.470    -5.04    7.02
 -93623.275    95.470   -13.30    9.16
 -93247.415    88.659   -18.12   10.04
 -92871.551    84.263   -11.70    9.73
 -92495.683    81.054    -8.54    7.72
 -92119.811    79.659    -3.71    8.42
 -91743.934    78.529    -3.01    8.56
 -91368.054    79.192     1.76    9.22
 -90992.170    80.008     2.17    9.35
 -90616.281    80.929     2.45    8.89
 -90240.389    84.454     9.38    8.80
 -89864.492    87.271     7.49    8.74
 -89488.592    90.010     7.29    7.78
 -89112.687    89.192    -2.18    7.86
 -88736.778    88.346    -2.25    8.01
 -88360.865    87.724    -1.65    9.20
 -87984.948    86.750    -2.59   10.15
 -87609.027    83.767    -7.93   10.79
 -87233.102    79.227   -12.08   11.24
 -86857.173    76.794    -6.47    9.43
 -86481.240    76.955     0.43    8.43
 -86105.303    79.734     7.39   10.09
 -85729.361    86.254    17.34    8.37
 -85353.416    90.404    11.04    5.66
 -84977.466    91.877     3.92    6.09
 -84601.513    90.561    -3.50    8.06
 -84225.555    88.254    -6.14    9.35
 -83849.593    84.704    -9.44   10.23
 -83473.627    81.010    -9.82    7.86
 -83097.657    77.686    -8.84    6.36
 -82721.683    74.468    -8.56    5.96
 -82345.704    69.308   -13.72    8.57
 -81969.722    64.365   -13.15    8.21
 -81593.736    59.493   -12.96    8.12
 -81217.745    53.632   -15.59    8.47
 -80841.750    48.686   -13.15    7.30
 -80465.751    45.524    -8.41    7.26
 -80089.749    43.160    -6.29    6.62
 -79713.741    41.246    -5.09    6.75
 -79337.730    37.281   -10.55    5.68
 -78961.715    36.904    -1.00    5.89
 -78585.696    37.771     2.31    7.59
 -78209.672    36.561    -3.22    7.90
 -77833.644    36.456    -0.28    7.34
 -77457.613    35.829    -1.67    6.83
 -77081.577    35.091    -1.96    7.32
 -76705.537    37.745     7.06    7.87
 -76329.493    36.545    -3.19    8.08
 -75953.444    35.119    -3.79    6.99
 -75577.392    34.263    -2.28    7.46
 -75201.335    33.699    -1.50    7.60
 -74825.274    33.605    -0.25    7.13
 -74449.210    32.281    -3.52    7.09
 -74073.141    32.010    -0.72    6.94
 -73697.067    30.724    -3.42    5.67
 -73320.990    30.783     0.16    6.99
 -72944.909    30.308    -1.26    7.01
 -72568.823    30.429     0.32    7.05
 -72192.733    31.877     3.85    7.76
 -71816.639    37.403    14.69   11.85
 -71440.541    42.719    14.13   10.63
 -71064.439    42.417    -0.80   10.37
 -70688.333    38.207   -11.19   12.43
 -70312.222    31.956   -16.62    8.03
 -69936.108    30.704    -3.33    6.84
 -69559.989    37.485    18.03   12.38
 -69183.866    45.570    21.50   14.58
 -68807.738    49.622    10.77   12.76
 -68431.607    48.578    -2.77   13.62
 -68055.471    42.091   -17.24   14.34
 -67679.332    33.308   -23.35    5.85
 -67303.188    31.878    -3.80    5.26
 -66927.040    33.354     3.92    6.79
 -66550.887    36.713     8.93    7.59
 -66174.731    42.904    16.46    7.36
 -65798.570    46.456     9.44    5.79
 -65422.406    47.245     2.10    5.71
 -65046.237    44.719    -6.72    7.17
 -64670.063    40.032   -12.46    7.75
 -64293.886    35.468   -12.13    7.61
 -63917.704    33.140    -6.19    6.69
 -63541.519    33.254     0.30    7.87
 -63165.329    35.605     6.25    8.68
 -62789.134    37.229     4.32    7.97
 -62412.936    37.929     1.86    7.43
 -62036.733    40.735     7.46    7.67
 -61660.527    43.605     7.63    7.49
 -61284.316    46.763     8.39    5.55
 -60908.100    48.340     4.19    3.89
 -60531.881    48.779     1.17    3.40
 -60155.657    49.010     0.61    3.57
 -59779.430    50.679     4.44    3.68
 -59403.198    52.237     4.14    3.37
 -59026.961    52.798     1.49    3.82
 -58650.721    52.271    -1.40    4.98
 -58274.476    51.699    -1.52    4.31
 -57898.227    48.955    -7.29    4.81
 -57521.974    46.403    -6.78    5.08
 -57145.717    42.104   -11.42    5.88
 -56769.455    37.037   -13.47    4.82
 -56393.189    33.704    -8.86    4.46
 -56016.919    30.673    -8.06    4.17
 -55640.645    28.173    -6.64    4.79
 -55264.366    25.389    -7.40    6.38
 -54888.084    20.848   -12.07    8.72
 -54511.796    17.298    -9.44    8.54
 -54135.505    16.211    -2.89    7.91
 -53759.210    17.200     2.63    8.66
 -53382.910    22.529    14.16    8.87
 -53006.606    26.192     9.73    6.69
 -52630.298    27.578     3.68    5.46
 -52253.985    30.852     8.70    5.28
 -51877.668    33.109     6.00    4.88
 -51501.347    33.442     0.89    4.54
 -51125.022    32.482    -2.55    6.38
 -50748.693    29.529    -7.85    6.59
 -50372.359    28.821    -1.88    5.43
 -49996.021    30.685     4.95    6.18
 -49619.679    35.596    13.05    7.00
 -49243.332    40.679    13.51    4.73
 -48866.981    43.010     6.19    3.03
 -48490.626    44.254     3.30    2.25
 -48114.267    44.824     1.52    3.80
 -47737.903    46.365     4.09    5.45
 -47361.535    46.740     1.00    5.47
 -46985.163    47.493     2.00    4.47
 -46608.787    45.719    -4.71    4.59
 -46232.406    43.632    -5.54    4.32
 -45856.021    41.673    -5.21    2.96
 -45479.631    40.745    -2.46    3.38
 -45103.238    40.083    -1.76    3.59
 -44726.840    40.032    -0.14    3.60
 -44350.438    40.429     1.06    2.60
 -43974.031    41.524     2.91    2.93
 -43597.620    43.637     5.61    3.10
 -43221.205    46.109     6.57    3.87
 -42844.786    48.790     7.12    3.74
 -42468.362    51.524     7.26    4.28
 -42091.934    54.091     6.82    4.25
 -41715.763    54.903     2.16    4.00
 -41340.185    55.904     2.66    3.41
 -40964.602    56.723     2.18    2.21
 -40589.015    56.365    -0.95    3.74
 -40213.424    53.640    -7.26    5.87
 -39837.829    49.470   -11.10    7.16
 -39462.229    43.545   -15.77    7.41
 -39086.625    39.114   -11.80    6.39
 -38711.016    35.032   -10.87    5.72
 -38335.404    31.493    -9.42    4.18
 -37959.787    28.729    -7.36    4.47
 -37584.166    25.362    -8.97    3.77
 -37208.540    24.222    -3.03    3.18
 -36832.910    25.237     2.70    4.40
 -36457.276    28.679     9.16    5.76
 -36081.638    32.254     9.52    4.87
 -35705.995    34.767     6.69    3.33
 -35330.348    36.109     3.57    2.38
 -34954.697    35.699    -1.09    2.54
 -34579.041    35.457    -0.64    3.26
 -34203.381    33.673    -4.75    4.41
 -33827.716    30.713    -7.88    5.66
 -33452.048    27.119    -9.57    6.47
 -33076.375    24.654    -6.56    4.72
 -32700.697    24.551    -0.28    4.27
 -32325.016    27.350     7.45    5.72
 -31949.330    31.429    10.86    5.03
 -31573.640    35.288    10.27    5.54
 -31197.945    39.010     9.91    5.84
 -30822.246    42.881    10.30    5.74
 -30446.543    45.904     8.05    4.48
 -30070.835    48.064     5.75    4.76
 -29695.123    50.173     5.61    6.00
 -29319.407    50.707     1.42    6.58
 -28943.686    49.775    -2.48    7.13
 -28567.961    45.699   -10.85    7.18
 -28192.232    41.624   -10.84    6.37
 -27816.498    38.140    -9.27    3.97
 -27440.760    37.713    -1.14    4.10
 -27065.017    40.666     7.86    7.12
 -26689.271    45.679    13.34    7.52
 -26313.519    49.794    10.95    6.26
 -25937.764    51.878     5.55    7.87
 -25562.004    50.114    -4.70    8.36
 -25186.240    45.570   -12.09    6.45
 -24810.471    43.740    -4.87    6.87
 -24434.698    44.329     1.57   10.01
 -24058.921    43.535    -2.11    9.90
 -23683.139    41.362    -5.78    9.56
 -23307.353    36.362   -13.31    6.74
 -22931.563    31.010   -14.24    5.98
 -22555.768    27.058   -10.52    5.75
 -22179.969    24.929    -5.66    5.07
 -21804.165    26.064     3.02    6.08
 -21428.357    30.983    13.09    7.81
 -21052.545    35.652    12.42    4.96
 -20676.728    37.403     4.66    2.68
 -20300.907    37.004    -1.06    2.76
 -19925.082    35.308    -4.51    2.94
 -19549.252    34.314    -2.64    2.77
 -19173.417    33.745    -1.51    2.55
 -18797.579    32.640    -2.94    3.04
 -18421.736    30.281    -6.28    4.88
 -18045.888    27.954    -6.19    4.69
 -17670.036    25.848    -5.60    3.70
 -17294.180    25.200    -1.73    3.66
 -16918.319    25.350     0.40    4.00
 -16542.454    26.318     2.57    3.80
 -16166.585    27.801     3.95    5.02
 -15790.711    30.109     6.14    6.83
 -15414.833    35.740    14.98   10.88
 -15038.950    41.173    14.45   14.91
 -14663.063    42.735     4.16   12.77
 -14287.171    42.058    -1.80    7.95
 -13911.275    39.344    -7.22    6.95
 -13535.375    37.713    -4.34    6.88
 -13159.470    37.604    -0.29    5.75
 -12783.561    40.587     7.94    5.61
 -12407.647    45.955    14.28    6.91
 -12031.729    52.271    16.80    8.58
 -11655.807    55.288     8.03    7.90
 -11279.880    56.119     2.21    8.85
 -10903.948    51.271   -12.89   11.51
 -10528.013    47.622    -9.71   10.30
 -10152.072    45.652    -5.24    8.49
  -9776.128    44.570    -2.88    8.15
  -9400.178    45.545     2.59    9.07
  -9024.225    42.227    -8.83   12.13
  -8648.267    34.740   -19.91   16.57
  -8272.304    27.929   -18.12   19.04
  -7896.337    18.134   -26.05   13.80
  -7520.366    14.002   -10.99    5.90
  -7144.390    15.983     5.27    6.88
  -6768.410    18.679     7.17    7.22
  -6392.425    20.877     5.84    6.45
  -6016.436    21.647     2.05    6.17
  -5640.442    20.801    -2.25    5.37
  -5264.444    21.365     1.50    4.57
  -4888.442    22.578     3.23    4.49
  -4512.435    24.719     5.69    4.83
  -4136.423    29.109    11.68    4.84
  -3760.407    33.605    11.96    5.57
  -3384.387    35.058     3.86    5.37
  -3008.362    31.377    -9.79    9.61
  -2632.333    25.227   -16.36   11.72
  -2256.299    16.443   -23.36   11.06
  -1880.260     9.902   -17.40    8.04
  -1504.218     7.083    -7.49    7.40
  -1128.170     3.637    -9.17    3.76
   -752.119     2.850    -2.09    2.38
   -376.062     1.729    -2.98    3.08
     -0.002     0.692    -2.76    3.28
    376.064     1.981     3.43    4.93
    752.133     4.340     6.27    6.45
   1128.208     8.699    11.59    7.27
   1504.286    13.173    11.90    5.75
   1880.370    16.166     7.96    4.00
   2256.457    16.288     0.32    4.08
   2632.550    14.848    -3.83    4.48
   3008.646    15.365     1.37    4.47
   3384.747    15.902     1.43    4.61
   3760.853    18.173     6.04    4.53
   4136.963    19.605     3.81    4.41
   4513.078    21.874     6.03    4.56
   4889.197    22.679     2.14    5.52
   5265.321    22.454    -0.60    7.05
   5641.449    20.561    -5.03    9.89
   6017.582    15.237   -14.15   12.98
   6393.720    11.482    -9.98   13.21
   6769.861     6.493   -13.26   10.43
   7146.008     3.622    -7.63    5.95
   7522.159     2.724    -2.39    4.37
   7898.314     3.227     1.34    4.22
   8274.474     3.827     1.60    3.63
   8650.638     4.579     2.00    3.48
   9026.807     5.308     1.94    3.46
   9402.981     5.929     1.65    2.80
   9779.159     6.587     1.75    2.75
  10155.342     7.091     1.34    3.10
  10531.529     8.551     3.88    3.17
  10907.721    10.386     4.88    3.69
  11283.917    13.229     7.56    5.10
  11660.118    15.729     6.65    5.27
  12036.323    17.200     3.91    5.13
  12412.533    17.570     0.99    4.25
  12788.747    16.290    -3.40    3.73
  13164.966    15.006    -3.41    3.36
  13541.190    13.109    -5.04    3.15
  13917.418    11.771    -3.55    2.95
  14293.650    11.245    -1.40    2.48
  14669.888    11.365     0.32    2.85
  15046.129    11.904     1.43    3.56
  15422.376    12.119     0.57    4.04
  15798.627    11.354    -2.03    4.65
  16174.882     9.771    -4.21    4.73
  16551.142     8.173    -4.25    4.01
  16927.407     6.605    -4.17    2.90
  17303.676     6.179    -1.13    2.55
  17679.950     6.160    -0.05    3.05
  18056.228     5.493    -1.77    3.30
  18432.511     5.068    -1.13    3.03
  18808.798     3.955    -2.96    3.27
  19185.090     3.179    -2.06    3.35
  19561.387     2.271    -2.41    3.29
  19937.688     1.750    -1.39    2.91
  20313.994     2.091     0.91    3.45
  20690.305     2.955     2.29    3.77
  21066.620     3.745     2.10    4.00
  21442.939     5.079     3.55    4.26
  21819.263     6.281     3.19    4.72
  22195.592     7.129     2.26    4.95
  22571.926     8.614     3.94    5.23
  22948.264     8.794     0.48    5.23
  23324.606     9.578     2.08    4.45
  23700.953     9.513    -0.17    3.38
  24077.305     9.417    -0.26    2.64
  24453.662     9.955     1.43    2.55
  24830.023    10.848     2.37    3.27
  25206.388    12.982     5.67    4.10
  25582.759    14.707     4.58    4.32
  25959.133    17.482     7.37    4.89
  26335.513    20.004     6.70    4.43
  26711.897    22.119     5.62    3.29
  27088.286    24.493     6.31    3.02
  27464.679    25.561     2.84    3.29
  27841.077    26.801     3.29    3.64
  28217.480    28.254     3.86    3.87
  28593.887    27.979    -0.73    3.79
  28970.299    27.745    -0.62    3.32
  29346.715    27.659    -0.23    2.70
  29723.136    27.798     0.37    1.93
  30099.562    28.235     1.16    1.53
  30475.993    28.058    -0.47    1.72
  30852.428    27.288    -2.04    1.86
  31228.867    26.254    -2.75    2.65
  31605.312    23.605    -7.04    4.16
  31981.761    20.524    -8.18    4.66
  32358.214    18.160    -6.28    3.86
  32734.673    15.978    -5.80    3.07
  33111.136    14.362    -4.29    2.35
  33486.947    13.654    -1.88    2.25
  33862.482    13.192    -1.23    1.91
  34238.021    13.298     0.28    2.06
  34613.565    14.308     2.69    2.94
  34989.113    15.504     3.19    3.30
  35364.666    17.324     4.85    3.33
  35740.224    17.929     1.61    3.59
  36115.786    18.699     2.05    3.28
  36491.353    19.794     2.92    3.31
  36866.925    20.417     1.66    3.32
  37242.501    21.827     3.75    3.63
  37618.082    22.794     2.58    3.27
  37993.667    24.362     4.17    2.99
  38369.258    26.013     4.40    2.82
  38744.853    27.545     4.08    3.60
  39120.452    29.783     5.96    3.78
  39496.056    31.875     5.57    3.14
  39871.665    34.054     5.80    3.14
  40247.279    35.982     5.13    2.90
  40622.897    36.493     1.36    2.47
  40998.520    36.134    -0.96    2.34
  41374.147    34.929    -3.21    3.20
  41749.779    32.497    -6.48    3.48
  42125.416    31.140    -3.61    3.59
  42501.058    30.673    -1.24    3.75
  42876.704    29.551    -2.99    3.51
  43252.355    29.160    -1.04    3.34
  43628.010    27.875    -3.42    3.05
  44003.670    26.524    -3.60    2.75
  44379.335    25.848    -1.80    2.59
  44755.005    26.596     1.99    2.79
  45130.679    27.179     1.55    3.35
  45506.358    28.254     2.86    3.92
  45882.042    29.403     3.06    3.94
  46257.730    30.981     4.20    4.06
  46633.423    32.083     2.93    3.97
  47009.121    33.288     3.21    3.86
  47384.824    34.061     2.06    4.44
  47760.531    33.647    -1.10    4.69
  48136.243    33.416    -0.62    4.34
  48511.959    33.482     0.18    4.02
  48887.680    33.579     0.26    3.50
  49263.406    33.290    -0.77    3.37
  49639.137    34.750     3.88    4.47
  50014.872    36.254     4.00    4.71
  50390.613    37.308     2.81    4.92
  50766.357    40.010     7.19    4.80
  51142.107    41.652     4.37    4.35
  51517.861    42.454     2.14    4.93
  51893.620    43.109     1.74    5.20
  52269.384    43.524     1.10    4.95
  52645.152    43.904     1.01    4.97
  53020.925    44.561     1.75    5.03
  53396.703    45.314     2.00    4.80
  53772.486    45.824     1.36    4.93
  54148.273    46.622     2.12    4.67
  54524.065    47.443     2.19    4.76
  54899.862    48.724     3.41    4.90
  55275.664    50.579     4.94    4.38
  55651.470    52.235     4.41    3.45
  56027.281    53.848     4.29    3.01
  56403.097    55.091     3.31    3.15
  56778.917    54.551    -1.44    5.43
  57154.743    53.377    -3.12    6.36
  57530.573    52.815    -1.49    6.03
  57906.408    52.279    -1.43    5.06
  58282.247    51.981    -0.79    4.25
  58658.091    52.254     0.73    3.83
  59033.940    53.340     2.89    3.69
  59409.794    54.146     2.14    3.95
  59785.653    54.391     0.65    3.49
  60161.516    55.365     2.59    3.43
  60537.384    56.493     3.00    3.10
  60913.257    58.114     4.31    3.07
  61289.135    59.981     4.97    3.46
  61665.017    61.404     3.79    3.14
  62040.904    62.985     4.20    2.85
  62416.796    63.848     2.30    2.69
  62792.693    65.324     3.93    3.12
  63168.594    66.929     4.27    3.27
  63544.501    69.365     6.48    3.70
  63920.412    72.202     7.55    3.65
  64296.327    75.365     8.41    3.54
  64672.248    78.211     7.57    4.14
  65048.173    80.686     6.58    3.67
  65424.104    82.596     5.08    3.64
  65800.039    84.064     3.91    2.78
  66175.978    84.878     2.16    1.90
  66551.923    85.058     0.48    2.19
  66927.872    85.468     1.09    2.22
  67303.827    86.166     1.86    2.47
  67679.785    86.775     1.62    2.63
  68055.749    87.629     2.27    2.41
  68431.718    88.568     2.50    2.15
  68807.691    89.263     1.85    2.29
  69183.669    90.254     2.64    2.72
  69559.652    90.877     1.66    2.40
  69935.640    91.160     0.75    2.84
  70311.633    91.273     0.30    3.11
  70687.630    91.929     1.75    3.37
  71063.632    91.519    -1.09    3.76
  71439.640    90.443    -2.86    5.08
  71815.651    89.109    -3.55    4.67
  72191.668    89.956     2.25    5.45
  72567.690    95.029    13.49    9.93
  72943.716   105.622    28.17   16.76
  73319.747   130.673    66.62   48.07
  73695.783   175.010   117.91   72.21
  74071.824   192.365    46.15   63.06
  74447.870   191.878    -1.30   61.58
  74823.920   171.096   -55.27   63.33
  75199.976   136.724   -91.40   46.74
  75576.036   111.064   -68.23   13.45
  75952.101   102.775   -22.04    8.73
  76328.171    98.083   -12.48    6.01
  76704.246    96.158    -5.12    3.48
  77080.325    96.091    -0.18    2.08
  77456.410    97.389     3.45    2.39
  77832.499    99.166     4.73    2.73
  78208.593   101.279     5.62    3.12
  78584.692   102.957     4.46    2.82
  78960.796   104.198     3.30    2.24
  79336.905   104.340     0.38    2.27
  79713.018   103.403    -2.49    2.73
  80089.137   101.350    -5.46    3.57
  80465.260    99.087    -6.02    3.52
  80841.388    95.955    -8.33    5.23
  81217.521    92.013   -10.48    6.22
  81593.659    87.596   -11.74    5.94
  81969.802    84.740    -7.59    4.48
  82345.949    83.032    -4.54    3.93
  82722.102    82.329    -1.87    4.22
  83098.259    82.644     0.84    5.29
  83474.421    85.713     8.16    6.51
  83850.589    87.281     4.17    5.39
  84226.761    87.850     1.51    4.90
  84602.938    86.647    -3.20    5.41
  84979.119    84.735    -5.08    5.47
  85355.306    83.661    -2.85    4.88
  85731.498    84.750     2.89    4.56
  86107.694    85.740     2.63    4.10
  86483.896    86.929     3.16    3.52
  86860.102    87.903     2.59    3.16
  87236.313    87.647    -0.68    2.73
  87612.529    88.008     0.96    2.48
  87988.750    88.468     1.22    2.19
  88364.976    87.771    -1.85    2.73
  88741.207    87.134    -1.69    3.33
  89117.442    84.204    -7.79    4.85
  89493.683    80.068   -10.99    6.11
  89869.929    75.037   -13.37    6.99
  90246.179    70.064   -13.22    5.53
  90622.434    68.389    -4.45    4.92
  90998.695    69.596     3.21    6.08
  91374.960    73.402    10.11    6.81
  91751.230    79.954    17.42    6.24
  92127.505    83.982    10.70    4.67
  92503.785    85.983     5.32    3.65
  92880.070    86.493     1.36    4.10
  93256.360    85.640    -2.27    5.32
  93632.654    84.699    -2.50    4.87
  94008.954    85.827     3.00    4.68
  94385.259    86.954     3.00    3.84
  94761.568    88.640     4.48    3.92
  95137.883    91.519     7.65    4.11
  95514.202    94.545     8.04    4.35
  95890.526    96.957     6.41    4.13
  96266.856    97.443     1.29    3.70
  96643.190    97.798     0.94    3.87
  97019.529    96.929    -2.31    4.41
  97395.873    96.468    -1.23    4.47
  97772.223    97.312     2.24    4.92
  98148.577    98.724     3.75    5.01
  98524.936   100.561     4.88    4.47
  98901.300   102.767     5.86    3.86
  99277.669   104.699     5.13    3.58
  99654.042   105.632     2.48    4.22
 100030.421   106.083     1.20    4.14
 100406.805   106.493     1.09    4.47
 100783.194   107.570     2.86    4.07
 101159.588   108.875     3.47    3.86
 101535.986   111.878     7.98    3.95
 101912.390   114.058     5.79    3.85
 102288.799   115.152     2.91    3.40
 102665.212   114.647    -1.34    3.53
 103041.631   113.010    -4.35    3.88
 103418.055   111.083    -5.12    4.43
 103794.483   108.724    -6.27    4.03
 104170.917   106.202    -6.70    3.66
 104547.355   103.745    -6.53    3.87
 104923.799   101.535    -5.87    3.65
 105300.248    99.377    -5.73    3.52
 105676.701    96.904    -6.57    3.67
 106053.160    94.551    -6.25    3.81
 106429.623    93.368    -3.14    4.00
 106806.092    92.237    -3.01    4.10
 107182.565    91.324    -2.43    4.97
 107559.044    90.724    -1.59    5.28
 107935.527    88.827    -5.04    7.00
 108311.921    87.904    -2.45    6.68
 108687.418    86.064    -4.90    6.64
 109062.920    83.211    -7.60    6.54
 109438.427    80.416    -7.45    6.43
 109813.939    78.083    -6.21    5.47
 110189.456    75.529    -6.80    3.89
 110564.978    74.872    -1.75    3.68
 110940.505    74.200    -1.79    3.64
 111316.037    75.740     4.10    4.80
 111691.574    77.456     4.57    4.89
 112067.116    79.955     6.66    3.51
 112442.663    80.457     1.34    2.75
 112818.215    79.417    -2.77    3.39
 113193.772    76.647    -7.38    4.78
 113569.334    74.308    -6.23    4.06
 113944.901    76.237     5.14    6.83
 114320.473    82.852    17.61   14.96
 114696.050   101.879    50.66   33.02
 115071.632   120.035    48.34   43.29
 115447.219   144.417    64.92   50.12
 115822.811   153.798    24.98   47.88
 116198.408   152.954    -2.25   41.78
 116574.011   143.504   -25.16   38.19
 116949.618   124.874   -49.60   38.54
 117325.230   103.632   -56.55   35.32
 117700.847    84.335   -51.38   21.35
 118076.469    77.622   -17.87   10.67
 118452.096    76.629    -2.64    6.33
 118827.729    79.497     7.63    7.11
 119203.366    82.379     7.67    7.45
 119579.008    83.186     2.15    7.65
 119954.656    83.254     0.18    7.36
 120330.308    82.903    -0.93    6.90
 120705.965    82.801    -0.27    5.45
 121081.628    82.006    -2.12    4.36
 121457.295    82.640     1.69    4.34
 121832.968    85.404     7.36    6.48
 122208.646    89.200    10.10    8.66
 122584.328    92.149     7.85    9.13
 122960.016    95.699     9.45    8.96
 123335.709    96.119     1.12    8.38
 123711.407    96.308     0.50    7.26
 124087.110    96.740     1.15    5.60
 124462.817    97.186     1.19    5.25
 124838.530   100.647     9.21    5.41
 125214.249   103.416     7.37    4.34
 125589.972   105.904     6.62    4.41
 125965.700   108.010     5.61    3.95
 126341.433   109.692     4.48    4.40
 126717.171   111.186     3.97    4.58
 127092.915   112.508     3.52    3.78
 127468.663   114.340     4.87    3.02
 127844.417   114.692     0.94    2.71
 128220.176   114.404    -0.77    3.16
 128595.939   114.929     1.40    3.11
 128971.708   115.754     2.20    3.15
 129347.482   117.271     4.04    2.72
 129723.261   118.632     3.62    2.11
 130099.045   119.605     2.59    1.56
 130474.834   120.346     1.97    2.25
 130850.628   121.032     1.83    2.34
 131226.428   121.468     1.16    2.49
 131602.232   121.308    -0.43    2.67
 131978.042   121.160    -0.39    3.55
 132353.856   121.152    -0.02    3.63
 132729.676   122.535     3.68    3.72
 133105.501   124.254     4.58    4.12
 133481.331   125.578     3.52    3.93
 133857.166   127.801     5.92    4.27
 134233.006   130.160     6.28    4.42
 134608.851   132.160     5.32    3.59
 134984.702   134.140     5.27    3.30
 135360.557   135.596     3.87    3.01
 135736.418   137.254     4.41    2.76
 136112.283   139.008     4.67    2.16
 136488.154   139.596     1.56    2.76
 136864.030   140.808     3.22    2.99
 137239.911   142.288     3.94    3.41
 137615.798   143.929     4.37    3.86
 137991.689   146.614     7.14    4.47
 138367.585   149.524     7.74    5.07
 138743.487   152.068     6.77    6.49
 139119.394   156.622    12.11    8.54
 139495.306   159.699     8.19   10.12
 139871.223   163.429     9.92   11.96
 140247.145   172.204    23.34   19.63
 140623.072   178.006    15.43   22.57
 140999.004   184.314    16.78   23.13
 141374.942   196.877    33.42   31.65
 141750.885   200.263     9.01   31.17
 142126.833   208.482    21.86   36.32
 142502.786   221.219    33.88   40.76
 142878.744   233.229    31.95   48.71
 143254.707   260.558    72.69   74.99
 143630.676   260.032    -1.40   71.49
 144006.649   265.524    14.61   67.15
 144382.628   269.037     9.35   61.40
 144758.612   272.037     7.98   64.27
 145134.601   272.707     1.78   66.37
 145510.596   271.904    -2.14   59.43
 145886.595   263.340   -22.78   47.33
 146262.600   277.061    36.49   50.95
 146638.609   295.493    49.02   57.54
 147014.624   308.271    33.98   55.85
 147390.645   316.279    21.30   57.09
 147766.670   317.429     3.06   62.95
 148142.700   318.058     1.67   66.04
 148518.736   308.632   -25.07   66.05
 148894.777   296.596   -32.01   55.32
 149270.823   282.204   -38.27   31.78
 149646.874   269.068   -34.93   17.49
 150022.931   262.443   -17.62   12.83
 150398.992   256.659   -15.38    9.80
 150775.059   251.037   -14.95    8.95
 151151.131   249.551    -3.95    8.12
 151527.209   250.568     2.71    7.88
 151903.291   254.329    10.00   10.17
 152279.379   263.263    23.75   13.96
 152655.471   271.200    21.10   15.70
 153031.569   279.852    23.01   16.88
 153407.673   287.245    19.66   16.29
 153783.781   300.032    34.00   20.80
 154159.895   317.006    45.13   28.16
 154536.014   332.750    41.86   31.05
 154912.138   357.140    64.85   29.20
 155288.267   376.801    52.28   28.14
 155664.402   390.002    35.10   20.51
 156040.541   395.124    13.62   15.05
 156416.686   391.545    -9.52   17.33
 156792.836   381.771   -25.98   19.08
 157168.992   372.245   -25.33   17.39
 157545.153   363.622   -22.93   18.24
 157921.318   352.635   -29.21   16.18
 158297.490   345.493   -18.99   16.86
 158673.666   339.134   -16.91   17.24
 159049.847   335.902    -8.59   19.26
 159426.034   336.314     1.09   22.82
 159802.226   335.578    -1.96   27.14
 160178.424   326.134   -25.10   28.60
 160554.626   318.622   -19.97   23.86
 160930.834   318.340    -0.75   20.90
 161307.047   322.824    11.92   16.53
 161683.265   329.288    17.18   13.98
 162059.489   331.673     6.34   15.52
 162435.717   337.254    14.83   21.36
 162811.952   348.801    30.69   28.53
 163188.191   360.010    29.79   29.40
 163564.435   372.237    32.50   39.03
 163940.685   371.519    -1.91   52.61
 164316.940   376.312    12.74   60.73
 164693.201   377.468     3.07   57.15
 165069.466   404.551    71.98   79.50
 165445.737   442.508   100.88   83.22
 165822.013   482.350   105.89   63.92
 166198.295   501.679    51.37   55.64
 166574.581   522.734    55.96   67.89
 166950.873   531.622    23.62   79.41
 167327.171   546.192    38.72   84.00
 167703.473   579.827    89.39   73.71
 168079.781   580.852     2.73   78.07
 168456.094   592.724    31.55   65.17
 168832.412   586.271   -17.15   62.20
 169208.736   567.468   -49.97   55.66
 169585.065   564.767    -7.18   46.38
 169961.399   556.647   -21.58   54.77
 170337.739   545.279   -30.21   61.99
 170714.084   527.374   -47.58   68.81
 171090.434   515.227   -32.28   73.49
 171466.789   493.335   -58.17   75.26
 171843.150   468.686   -65.50   61.93
 172219.516   447.470   -56.37   53.20
 172595.887   439.763   -20.48   53.00
 172972.264   431.679   -21.48   54.90
 173348.646   411.771   -52.90   58.87
 173725.033   392.497   -51.21   60.98
 174101.426   371.904   -54.72   65.57
 174477.824   348.956   -60.97   52.38
 174854.227   324.955   -63.77   49.70
 175230.635   322.109    -7.56   55.59
 175607.049   312.545   -25.41   56.04
 175983.468   304.087   -22.47   70.45
 176359.893   309.237    13.68   77.26
 176736.323   293.929   -40.67   69.36
 177112.758   285.485   -22.43   62.23
 177489.198   285.140    -0.92   52.39
 177865.644   280.614   -12.02   54.44
 178242.095   296.173    41.33   61.95
 178618.552   317.211    55.89   63.85
 178995.014   335.665    49.02   85.68
 179371.481   374.006   101.85  102.52
 179747.953   412.468   102.17  113.42
 180124.431   443.659    82.86  106.42
 180500.914   450.519    18.22   95.84
 180877.403   456.335    15.45   89.91
 181253.897   453.750    -6.87   76.46
 181630.396   464.314    28.06   74.86
 182006.901   471.771    19.81   69.55
 182383.411   488.622    44.76   68.76
 182759.926   494.750    16.28   67.31
 183136.447   504.365    25.54   59.05
 183512.439   505.848     3.94   53.95
 183887.897   521.083    40.58   49.97
 184263.360   536.173    40.19   43.30
 184638.828   531.417   -12.67   40.96
 185014.302   541.083    25.75   45.06
 185389.781   540.165    -2.45   50.11
 185765.265   532.468   -20.50   49.35
 186140.755   519.719   -33.96   56.14
 186516.250   503.192   -44.02   57.57
 186891.750   478.570   -65.58   52.44
 187267.256   459.605   -50.51   50.94
 187642.767   432.344   -72.60   54.68
 188018.284   413.186   -51.02   55.27
 188393.805   402.719   -27.87   53.84
 188769.333   385.673   -45.40   51.18
 189144.865   384.083    -4.23   59.80
 189520.403   374.058   -26.70   59.95
 189895.946   367.235   -18.17   57.18
 190271.495   360.468   -18.02   58.85
 190647.049   356.119   -11.58   65.92
 191022.608   351.904   -11.22   71.35
 191398.173   343.354   -22.77   65.00
 191773.743   346.872     9.37   63.51
 192149.318   343.605    -8.70   48.78
 192524.899   340.956    -7.05   40.87
 192900.485   338.219    -7.29   39.70
 193276.077   333.054   -13.75   36.00
 193651.674   327.551   -14.65   40.06
 194027.276   337.154    25.57   54.00
 194402.884   343.955    18.11   65.30
 194778.497   331.824   -32.30   69.63
 195154.116   308.508   -62.08   72.57
 195529.740   278.083   -81.00   62.49
 195905.369   261.006   -45.47   54.45
 196281.003   243.008   -47.92   48.68
 196656.644   225.454   -46.73   53.58
 197032.289   207.087   -48.90   56.51
 197407.940   187.479   -52.20   53.94
 197783.596   161.779   -68.42   36.83
 198159.258   145.929   -42.20   21.28
 198534.925   141.064   -12.95    9.76
 198910.598   145.281    11.22   11.50
 199286.275   151.596    16.81   11.19
 199661.959   150.254    -3.57   11.57
 200037.648   145.166   -13.54   12.69
 200413.342   139.254   -15.74   12.02
 200789.041   136.470    -7.41   12.29
 201164.746   135.058    -3.76   14.16
 201540.457   134.314    -1.98   14.69
 201916.173   131.219    -8.24   13.60
 202291.894   129.545    -4.46   10.76
 202667.621   123.561   -15.93   12.00
 203043.353   118.079   -14.59   12.88
 203419.090   114.281   -10.11   12.66
 203794.833   109.954   -11.51   12.42
 204170.582   107.192    -7.35   10.35
 204546.335   107.091    -0.27   12.62
 204922.095   111.686    12.23   15.72
 205297.860   120.429    23.27   15.30
 205673.630   126.622    16.48   10.05
 206049.405   126.929     0.82    9.04
 206425.186   121.578   -14.24   12.44
 206800.973   115.647   -15.78   11.69
 207176.765   114.040    -4.28   10.78
 207552.562   114.692     1.74   11.43
 207928.365   118.229     9.41   11.71
 208304.174   121.416     8.48   14.90
 208679.988   126.417    13.31   16.21
 209055.807   124.904    -4.03   15.75
 209431.632   116.519   -22.31   18.66
 209807.462   109.578   -18.47   15.49
 210183.297   107.981    -4.25   13.79
 210559.139   109.848     4.97   14.59
 210934.985   115.035    13.80   15.50
 211310.837   118.750     9.89   17.92
 211686.695   126.158    19.71   16.94
 212062.558   122.647    -9.34   17.25
 212438.426   122.192    -1.21   15.11
 212814.300   123.429     3.29   13.17
 213190.180   124.362     2.48   13.61
 213566.065   126.902     6.76   11.57
 213941.955   123.454    -9.17   13.13
 214317.851   119.417   -10.74   14.05
 214693.753   113.061   -16.91   13.25
 215069.659   104.604   -22.50   12.29
 215445.572   105.109     1.34   14.23
 215821.490   103.647    -3.89   14.12
 216197.413    97.008   -17.66   16.81
 216573.342    95.288    -4.58   16.33
 216949.276    89.200   -16.20   16.51
 217325.216    87.850    -3.59   17.92
 217701.162    87.279    -1.52   19.68
 218077.113    86.152    -3.00   17.46
 218453.069    81.443   -12.53   17.86
 218829.031    80.308    -3.02   16.73
 219204.999    82.497     5.82   17.34
 219580.972    91.308    23.44   19.27
 219956.950   103.318    31.95   20.68
 220332.934   110.404    18.85   23.70
 220708.924   115.929    14.70   24.10
 221084.919   125.956    26.67   24.08
 221460.919   138.929    34.51   24.99
 221836.925   146.561    20.30   24.75
 222212.937   148.237     4.46   25.78
 222588.954   141.827   -17.05   27.72
 222964.977   134.365   -19.84   25.68
 223341.005   122.640   -31.18   24.07
 223717.039   110.622   -31.96   19.01
 224093.078    98.804   -31.43   17.38
 224469.123    87.068   -31.21   20.24
 224845.173    71.686   -40.91   21.12
 225221.229    62.482   -24.48   16.72
 225597.291    59.877    -6.93   13.96
 225973.358    62.827     7.85   12.14
 226349.431    66.518     9.81    9.73
 226725.509    61.104   -14.40   11.62
 227101.592    55.852   -13.97   12.04
 227477.682    60.091    11.27   26.65
 227853.776    75.237    40.27   39.98
 228229.877    95.767    54.59   46.05
 228605.983   120.827    66.63   46.69
 228982.094   131.519    28.43   41.97
 229358.211   138.673    19.02   35.75
 229734.334   134.875   -10.10   34.82
 230110.462   123.929   -29.10   36.59
 230486.596   115.929   -21.27   33.84
 230862.735   111.290   -12.33   31.20
 231238.880   101.981   -24.75   18.59
 231615.031    99.254    -7.25   16.81
 231991.187   102.724     9.23   25.24
 232367.348    95.519   -19.16   22.82
 232743.516    91.072   -11.82   20.24
 233119.689    78.666   -32.98   20.97
 233495.867    67.902   -28.62   18.69
 233872.051    62.771   -13.64   16.73
 234248.241    55.979   -18.06   14.65
 234624.436    52.200   -10.05   12.10
 235000.637    51.807    -1.04   11.09
 235376.843    50.775    -2.74   10.30
 235753.055    51.298     1.39    9.98
 236129.273    50.083    -3.23   10.45
 236505.496    48.324    -4.68    8.88
 236881.725    48.079    -0.65    8.20
 237257.959    47.692    -1.03    7.97
 237634.199    49.570     4.99    8.39
 238010.445    52.824     8.65   10.83
 238386.696    59.391    17.45   13.72
 238762.953    69.054    25.69   16.65
 239139.215    79.540    27.87   14.98
 239515.484    88.929    24.95   11.57
 239891.757    96.983    21.41    7.16
 240268.037    98.091     2.95    5.90
 240644.322    95.032    -8.13    8.45
 241020.612    89.096   -15.78   13.49
 241396.908    81.629   -19.84   12.84
 241773.210    81.692     0.17   14.57
 242149.518    87.956    16.65   21.20
 242525.831    95.288    19.49   25.17
 242902.150   101.237    15.81   31.44
 243278.474   100.519    -1.91   26.34
 243654.804   103.852     8.86   29.05
 244031.140   113.754    26.31   28.72
 244407.481   115.140     3.68   20.11
 244783.828   113.129    -5.34   19.41
 245160.181   106.724   -17.02   17.36
 245536.539    96.235   -27.87   17.31
 245912.903    90.850   -14.31   15.39
 246289.273    88.929    -5.10   15.92
 246665.648    86.745    -5.80   16.52
 247042.029    87.763     2.70   16.77
 247418.415    85.971    -4.76   16.95
