-143428.687   546.803     0.00   19.15
-143052.354   550.852    10.76   18.62
-142676.016   550.559    -0.78   15.98
-142299.673   552.358     4.78   12.39
-141923.326   557.995    14.98   10.06
-141546.974   560.177     5.80   11.19
-141170.618   566.200    16.00   16.98
-140794.257   573.149    18.46   22.33
-140417.891   575.277     5.65   22.39
-140041.521   577.057     4.73   17.76
-139665.146   574.739    -6.16   15.59
-139288.767   570.539   -11.16   19.61
-138912.383   578.285    20.58   30.87
-138535.994   592.508    37.79   39.48
-138159.601   612.978    54.38   34.93
-137783.203   626.069    34.78   22.86
-137406.801   627.557     3.95   17.31
-137030.394   620.077   -19.87   15.41
-136653.982   612.687   -19.63   16.63
-136277.566   601.585   -29.49   17.82
-135901.145   582.123   -51.70   30.34
-135524.719   551.072   -82.48   47.78
-135148.289   515.108   -95.53   42.73
-134771.855   490.200   -66.17   32.56
-134395.955   470.534   -52.32   12.45
-134020.441   466.555   -10.59   11.36
-133644.922   458.457   -21.56   10.85
-133269.398   454.559   -10.38   10.69
-132893.870   454.790     0.61   15.07
-132518.337   456.636     4.92   20.10
-132142.799   468.123    30.59   26.37
-131767.257   480.798    33.75   29.52
-131391.710   495.764    39.85   21.56
-131016.158   499.611    10.24   15.04
-130640.602   494.949   -12.41   13.18
-130265.042   483.585   -30.26   23.18
-129889.476   467.149   -43.76   33.40
-129513.906   446.717   -54.40   41.04
-129138.332   423.739   -61.18   30.24
-128762.752   416.150   -20.21   21.77
-128387.169   424.354    21.84   24.82
-128011.580   437.175    34.13   23.46
-127635.987   447.559    27.65   25.29
-127260.389   470.555    61.22   28.24
-126884.787   492.611    58.72   32.06
-126509.180   506.175    36.11   30.86
-126133.568   514.497    22.16   28.56
-125757.952   512.457    -5.43   29.32
-125382.331   507.231   -13.91   27.77
-125006.705   506.175    -2.81   23.56
-124631.075   518.944    33.99   33.36
-124255.440   550.489    83.98   44.52
-123879.800   583.215    87.12   45.33
-123504.156   603.689    54.50   31.90
-123128.507   629.294    68.16   38.62
-122752.853   654.585    67.32   45.72
-122377.195   667.204    33.59   43.29
-122001.532   682.563    40.88   34.35
-121625.864   690.713    21.69   34.59
-121250.192   704.636    37.06   38.46
-120874.515   721.084    43.78   35.09
-120498.833   722.294     3.22   30.54
-120123.147   731.405    24.25   30.48
-119747.456   733.692     6.09   36.03
-119371.761   750.046    43.53   39.22
-118996.060   762.177    32.29   33.36
-118620.355   765.431     8.66   27.50
-118244.646   766.482     2.80   19.59
-117868.931   762.865    -9.63   17.39
-117493.212   747.150   -41.83   34.98
-117117.488   719.096   -74.66   49.72
-116741.760   692.084   -71.89   48.79
-116366.027   658.380   -89.70   42.77
-115990.289   628.988   -78.22   47.08
-115614.546   595.136   -90.09   57.39
-115238.799   557.252  -100.82   51.34
-114863.047   528.084   -77.62   40.69
-114487.291   502.926   -66.95   25.06
-114111.529   493.200   -25.88   20.83
-113735.763   487.098   -16.24   21.15
-113359.992   483.192   -10.39   20.56
-112984.217   483.098    -0.25   21.26
-112608.437   478.933   -11.08   24.45
-112232.652   473.861   -13.50   21.76
-111856.862   477.861    10.64   23.08
-111481.068   493.886    42.64   30.83
-111105.269   513.258    51.55   27.46
-110729.465   527.447    37.76   23.63
-110353.656   535.482    21.38   21.88
-109977.843   537.036     4.13   26.13
-109602.025   534.258    -7.39   28.87
-109226.203   519.936   -38.11   37.21
-108850.375   505.123   -39.41   35.70
-108474.543   489.005   -42.89   34.73
-108098.706   470.768   -48.52   30.15
-107722.865   457.431   -35.48   26.00
-107347.018   450.662   -18.01   15.12
-106971.167   448.531    -5.67   15.41
-106595.311   445.336    -8.50   20.75
-106219.451   437.474   -20.92   25.78
-105843.585   433.836    -9.68   26.63
-105467.715   429.561   -11.37   24.02
-105091.840   426.608    -7.86   18.08
-104715.961   415.960   -28.33   24.66
-104340.076   403.798   -32.36   26.89
-103964.187   390.790   -34.61   27.51
-103588.293   407.711    45.01   64.75
-103212.395   445.609   100.82   90.64
-102836.491   474.186    76.02   89.80
-102460.583   479.744    14.79   95.66
-102084.670   430.336  -131.43  110.41
-101708.753   365.046  -173.68   68.64
-101332.830   338.794   -69.83   23.38
-100956.903   348.741    26.46   26.08
-100580.971   358.741    26.60   26.04
-100205.034   371.236    33.24   28.38
 -99829.093   395.555    64.69   34.47
 -99453.146   413.465    47.64   36.21
 -99077.195   424.867    30.33   30.79
 -98701.239   422.690    -5.79   36.37
 -98325.279   400.285   -59.59   39.21
 -97949.313   369.717   -81.30   31.55
 -97573.343   360.841   -23.61   23.78
 -97197.368   364.252     9.07   25.11
 -96821.388   379.096    39.48   34.19
 -96445.404   410.431    83.34   40.16
 -96069.414   434.108    62.97   33.62
 -95693.420   457.031    60.96   36.68
 -95317.421   480.457    62.30   42.52
 -94941.417   497.609    45.62   40.48
 -94565.409   515.794    48.36   31.49
 -94189.395   520.399    12.25   23.70
 -93813.377   521.811     3.75   19.34
 -93437.354   508.150   -36.33   29.06
 -93061.326   491.311   -44.78   36.69
 -92685.293   465.893   -67.59   35.24
 -92309.256   445.177   -55.09   22.15
 -91933.214   441.420    -9.99   13.72
 -91557.167   449.744    22.14   18.75
 -91181.115   457.482    20.58   17.81
 -90805.058   455.995    -3.95   16.65
 -90428.996   451.285   -12.53   16.46
 -90052.930   450.005    -3.40   15.07
 -89676.859   450.997     2.64   15.70
 -89300.783   452.715     4.57   14.77
 -88924.702   459.386    17.74   17.97
 -88548.616   466.258    18.27   22.34
 -88172.525   471.328    13.48   26.17
 -87796.430   480.794    25.17   25.08
 -87420.330   491.431    28.28   30.86
 -87044.225   489.663    -4.70   39.39
 -86668.115   483.836   -15.49   49.02
 -86292.000   450.339   -89.06   74.49
 -85915.880   410.609  -105.63   70.47
 -85539.756   379.584   -82.49   54.83
 -85163.627   356.275   -61.97   47.49
 -84787.493   355.867    -1.09   48.59
 -84411.354   352.816    -8.11   41.70
 -84035.210   349.501    -8.81   44.83
 -83659.061   348.420    -2.87   49.35
 -83282.907   354.858    17.12   63.47
 -82906.749   393.739   103.36   81.36
 -82530.586   427.368    89.40   79.85
 -82154.417   438.312    29.09   76.34
 -81778.244   441.461     8.37   64.74
 -81402.066   414.636   -71.31   63.35
 -81025.884   402.585   -32.03   59.17
 -80649.696   376.559   -69.18   55.72
 -80273.504   370.386   -16.41   57.16
 -79897.306   362.177   -21.82   60.88
 -79521.104   370.820    22.98   77.64
 -79144.897   386.611    41.97   85.52
 -78768.685   418.275    84.16   83.61
 -78392.468   416.149    -5.65   87.20
 -78016.246   395.072   -56.02   87.77
 -77640.019   381.501   -36.07   78.50
 -77263.787   344.528   -98.27   57.63
 -76887.551   322.852   -57.61   40.90
 -76511.310   324.585     4.60   33.74
 -76135.063   319.490   -13.54   30.98
 -75758.812   309.177   -27.41   24.87
 -75382.556   294.611   -38.71   21.24
 -75006.295   277.741   -44.83   18.10
 -74630.029   270.944   -18.07   14.20
 -74253.758   266.995   -10.49   11.53
 -73877.483   263.689    -8.79   13.84
 -73501.202   260.005    -9.79   14.36
 -73124.917   261.611     4.27   15.46
 -72748.626   270.261    22.99   19.75
 -72372.331   282.906    33.60   16.90
 -71996.031   290.586    20.41   12.62
 -71619.725   294.687    10.90    9.52
 -71243.415   292.914    -4.71    9.98
 -70867.100   286.501   -17.04   12.24
 -70490.780   277.331   -24.37    9.25
 -70114.455   275.536    -4.77    9.08
 -69738.126   275.211    -0.86   11.72
 -69361.791   272.294    -7.75   14.88
 -68985.451   259.861   -33.04   24.22
 -68609.107   244.501   -40.81   23.14
 -68232.757   230.811   -36.37   19.58
 -67856.403   219.405   -30.31   13.68
 -67480.043   217.320    -5.54   12.64
 -67103.679   214.873    -6.50   10.18
 -66727.309   213.899    -2.59   11.47
 -66350.935   215.261     3.62   14.05
 -65974.556   218.042     7.39   18.83
 -65598.172   226.075    21.34   24.72
 -65221.783   241.508    41.00   27.59
 -64845.389   246.420    13.05   29.69
 -64468.990   241.960   -11.85   35.14
 -64092.586   220.501   -57.01   37.90
 -63716.177   193.969   -70.48   29.09
 -63339.763   178.123   -42.10   20.41
 -62963.344   172.609   -14.65   17.35
 -62586.920   166.057   -17.41   16.21
 -62210.491   162.015   -10.74   15.70
 -61834.058   157.768   -11.28   16.93
 -61457.619   156.036    -4.60   15.27
 -61081.175   153.312    -7.24   14.66
 -60704.727   152.098    -3.23   18.22
 -60328.273   149.978    -5.63   21.45
 -59951.814   144.277   -15.14   19.56
 -59575.351   139.609   -12.40   17.03
 -59199.863   139.461    -0.39   15.79
 -58824.386   151.268    31.44   32.47
 -58448.905   167.474    43.16   40.92
 -58073.419   177.399    26.43   38.29
 -57697.927   186.204    23.45   29.48
 -57322.431   182.431   -10.05   29.04
 -56946.930   173.457   -23.90   16.91
 -56571.423   177.123     9.76   17.51
 -56195.912   189.042    31.74   18.29
 -55820.396   192.942    10.39   18.10
 -55444.875   198.277    14.21   17.15
 -55069.349   204.490    16.54   16.56
 -54693.818   206.825     6.22   14.53
 -54318.282   211.961    13.68   10.84
 -53942.740   215.215     8.66    4.43
 -53567.194   214.534    -1.81    4.64
 -53191.643   214.084    -1.20    5.89
 -52816.087   214.436     0.94    5.82
 -52440.526   215.447     2.69    3.78
 -52064.960   214.084    -3.63    6.38
 -51689.389   210.405    -9.79    9.42
 -51313.813   207.136    -8.70   10.99
 -50938.233   205.918    -3.24   11.14
 -50562.647   204.689    -3.27   11.38
 -50187.056   204.258    -1.15   10.08
 -49811.460   203.015    -3.31   10.68
 -49435.859   198.997   -10.70   13.16
 -49060.253   194.482   -12.02   15.08
 -48684.642   192.536    -5.18   15.27
 -48309.026   185.820   -17.88   18.07
 -47933.405   186.511     1.84   17.50
 -47557.779   187.790     3.40   17.45
 -47182.148   188.918     3.00   17.14
 -46806.512   190.399     3.94   15.24
 -46430.871   188.918    -3.94   16.31
 -46055.224   183.042   -15.64   19.78
 -45679.573   179.215   -10.19   20.40
 -45303.917   184.011    12.77   18.93
 -44928.256   183.093    -2.44   20.03
 -44552.590   187.611    12.02   19.89
 -44176.919   192.069    11.87   17.84
 -43801.242   192.933     2.30   15.03
 -43425.561   189.312    -9.64   14.57
 -43049.875   189.136    -0.47   13.83
 -42674.183   190.086     2.53   12.99
 -42298.487   195.662    14.84   12.65
 -41922.786   202.399    17.93   12.57
 -41547.079   214.790    32.98   15.15
 -41171.368   223.215    22.42   15.26
 -40795.651   226.861     9.70   13.36
 -40419.929   223.662    -8.51   17.22
 -40044.203   209.098   -38.76   25.84
 -39668.471   198.069   -29.35   23.15
 -39292.734   194.559    -9.34   22.59
 -38916.992   198.061     9.32   22.75
 -38541.246   210.803    33.91   16.35
 -38165.494   218.258    19.84   12.59
 -37789.737   222.717    11.87    6.43
 -37413.975   221.204    -4.03    8.23
 -37038.207   214.226   -18.57   12.01
 -36662.435   204.350   -26.28   10.72
 -36286.658   194.086   -27.31   11.32
 -35910.876   185.162   -23.75   10.58
 -35535.088   179.339   -15.50    9.02
 -35159.296   176.816    -6.71    6.38
 -34783.498   176.452    -0.97    5.91
 -34407.695   176.508     0.15    6.32
 -34031.888   171.534   -13.24   12.22
 -33656.075   161.936   -25.54   18.54
 -33280.257   148.899   -34.69   21.90
 -32904.434   139.380   -25.33   18.81
 -32528.606   140.936     4.14   21.76
 -32152.773   147.053    16.27   22.63
 -31776.934   151.717    12.41   19.17
 -31401.091   149.136    -6.87   20.25
 -31025.243   139.031   -26.89   26.84
 -30649.389   127.354   -31.07   23.52
 -30273.530   118.724   -22.96   15.61
 -29897.667   118.354    -0.99   16.70
 -29521.798   122.347    10.62   20.21
 -29145.924   126.015     9.76   18.89
 -28770.045   116.482   -25.36   18.10
 -28394.160   117.906     3.79   16.71
 -28018.271   120.175     6.03   16.44
 -27642.377   125.328    13.71   18.99
 -27266.477   137.508    32.40   20.81
 -26890.572   146.690    24.43   18.91
 -26514.663   145.311    -3.67   17.01
 -26138.748   139.531   -15.38   17.17
 -25762.828   131.108   -22.40   11.29
 -25386.903   125.662   -14.49    9.76
 -25010.972   122.771    -7.69   10.61
 -24635.037   119.689    -8.20   12.17
 -24259.096   117.021    -7.10   11.31
 -23883.151   115.166    -4.93   12.09
 -23507.200   115.501     0.89   12.94
 -23131.244   117.420     5.10   12.57
 -22755.283   119.268     4.91   10.07
 -22379.317   121.811     6.76   11.25
 -22003.345   125.988    11.11   13.41
 -21627.369   126.002     0.04   12.40
 -21251.387   122.303    -9.84   15.32
 -20875.400   116.841   -14.53   15.76
 -20499.409   111.557   -14.05   12.25
 -20123.411   102.790   -23.32   14.13
 -19747.409    90.328   -33.14   18.67
 -19371.402    78.969   -30.21   22.02
 -18995.389    63.508   -41.12   20.28
 -18619.371    49.204   -38.04   20.67
 -18243.349    39.161   -26.71   18.37
 -17867.321    30.995   -21.72   15.32
 -17491.287    24.386   -17.58   10.34
 -17115.249    21.447    -7.82    7.98
 -16739.205    20.847    -1.60    8.53
 -16363.157    20.969     0.33    8.49
 -15987.103    20.761    -0.55    8.45
 -15611.044    21.501     1.97   10.79
 -15234.979    20.136    -3.63   10.34
 -14858.910    24.149    10.67   13.40
 -14482.835    31.768    20.26   20.10
 -14106.756    44.952    35.06   22.36
 -13730.671    56.816    31.55   18.62
 -13354.580    66.236    25.05   15.05
 -12978.485    66.662     1.13   13.57
 -12602.384    59.811   -18.22   16.01
 -12226.279    53.399   -17.05   13.53
 -11850.168    49.761    -9.67    9.86
 -11474.052    57.286    20.01   25.28
 -11097.930    67.474    27.09   32.03
 -10721.804    74.798    19.47   32.72
 -10345.672    85.231    27.74   28.18
  -9969.535    84.841    -1.04   22.68
  -9593.393    87.111     6.03   17.07
  -9217.246    92.636    14.69   13.77
  -8841.093    96.861    11.23   14.00
  -8464.935    97.347     1.29   20.05
  -8088.772    97.899     1.47   22.18
  -7712.604    91.011   -18.31   24.35
  -7336.431    81.687   -24.79   26.40
  -6960.252    64.611   -45.40   29.62
  -6584.068    49.452   -40.30   19.53
  -6207.879    53.411    10.52   21.16
  -5831.685    63.096    25.74   24.59
  -5455.485    68.539    14.47   22.83
  -5079.280    61.380   -19.03   30.04
  -4703.070    39.960   -56.93   29.64
  -4326.855    21.204   -49.86   17.23
  -3950.635    12.447   -23.28   12.41
  -3574.409     8.508   -10.47   11.28
  -3198.178     5.149    -8.93    7.98
  -2821.942     2.608    -6.75    2.14
  -2445.701     2.021    -1.56    1.74
  -2069.454     2.204     0.49    1.74
  -1693.202     2.268     0.17    1.92
  -1316.945     2.186    -0.22    2.40
   -940.682     1.744    -1.17    2.69
   -564.415     1.303    -1.17    2.90
   -188.142     0.926    -1.00    2.99
    188.136     1.457     1.41    3.37
    564.420     2.123     1.77    3.62
    940.709     3.236     2.96    3.71
   1317.003     5.162     5.12    6.55
   1693.302     8.497     8.86   11.00
   2069.606     8.294    -0.54   10.89
   2445.916     9.285     2.63   12.30
   2822.231    18.867    25.46   20.26
   3198.551    34.405    41.29   27.02
   3574.877    49.960    41.33   23.84
   3951.208    54.015    10.77   16.72
   4327.544    54.636     1.65   17.18
   4703.885    59.046    11.72   17.37
   5080.232    64.319    14.01   18.94
   5456.584    73.231    23.68   15.78
   5832.941    83.111    26.25   11.12
   6209.304    87.689    12.16    8.45
   6585.672    91.926    11.26    8.97
   6962.045    96.136    11.19    5.93
   7338.423    97.200     2.83    3.73
   7714.807    96.311    -2.36    3.91
   8091.196    96.268    -0.12    4.40
   8467.590    96.436     0.45    8.21
   8843.990    86.057   -27.57   20.95
   9220.395    74.986   -29.41   26.68
   9596.805    60.561   -38.32   24.70
   9973.220    50.303   -27.25   17.75
  10349.641    47.069    -8.59   15.43
  10726.067    53.231    16.37   21.32
  11102.499    61.944    23.15   24.92
  11478.936    70.811    23.56   22.93
  11855.378    72.474     4.42   20.16
  12231.825    70.386    -5.55   20.15
  12608.278    67.226    -8.39   21.13
  12984.736    60.123   -18.87   20.12
  13361.199    53.559   -17.43   22.10
  13737.668    49.303   -11.31   19.02
  14114.142    45.662    -9.67   12.58
  14490.621    45.057    -1.61   13.54
  14867.106    40.886   -11.08   15.13
  15243.596    32.150   -23.21   19.04
  15619.676    25.856   -16.74   15.32
  15995.107    28.636     7.41   18.61
  16370.544    42.303    36.40   23.74
  16745.987    49.960    20.40   18.77
  17121.434    49.501    -1.22   19.11
  17496.887    35.200   -38.09   21.78
  17872.346    24.611   -28.21   16.97
  18247.809    19.150   -14.54   14.25
  18623.278    15.764    -9.02   14.02
  18998.752    12.610    -8.40   13.50
  19374.232    11.715    -2.38   11.79
  19749.717    11.611    -0.28    8.53
  20125.207    17.096    14.61   10.77
  20500.702    24.636    20.08   10.93
  20876.203    36.110    30.56   18.37
  21251.709    50.786    39.08   24.45
  21627.221    60.636    26.23   21.72
  22002.738    67.786    19.04   20.17
  22378.260    72.347    12.14   19.29
  22753.788    67.393   -13.19   21.70
  23129.320    59.177   -21.88   25.26
  23504.859    44.831   -38.20   27.30
  23880.402    39.995   -12.88   28.32
  24255.951    34.226   -15.36   24.31
  24631.506    35.610     3.69   23.74
  25007.065    34.794    -2.17   19.74
  25382.630    39.525    12.60   19.82
  25758.200    43.457    10.47   19.09
  26133.776    48.461    13.32   20.99
  26509.357    52.177     9.89   21.37
  26884.944    45.586   -17.55   22.22
  27260.535    37.944   -20.35   21.36
  27636.133    28.867   -24.17   17.62
  28011.735    21.988   -18.32    9.03
  28387.343    19.867    -5.65    9.65
  28762.956    18.744    -2.99    8.65
  29138.575    23.399    12.39   13.64
  29514.199    25.586     5.82   16.09
  29889.828    32.236    17.70   20.16
  30265.463    33.893     4.41   21.16
  30641.103    33.820    -0.19   20.89
  31016.749    38.057    11.28   21.67
  31392.400    40.123     5.50   22.24
  31768.056    40.219     0.26   24.50
  32143.718    41.186     2.57   24.93
  32519.385    36.200   -13.27   24.50
  32895.057    31.136   -13.48   22.40
  33270.735    25.944   -13.82   18.87
  33646.418    20.739   -13.86   16.50
  34022.107    17.893    -7.58   15.45
  34397.801    15.926    -5.24   15.61
  34773.500    13.200    -7.25   13.83
  35149.205    10.555    -7.04   10.75
  35524.916     9.452    -2.94    9.61
  35900.631     7.761    -4.50    6.25
  36276.352     6.581    -3.14    4.84
  36652.079     5.852    -1.94    3.30
  37027.811     5.285    -1.51    3.12
  37403.548     5.042    -0.65    1.89
  37779.291     5.816     2.06    2.48
  38155.039     6.379     1.50    2.42
  38530.793     7.036     1.75    2.23
  38906.552     7.557     1.39    2.58
  39282.316     8.636     2.87    4.24
  39658.086    10.559     5.12    5.20
  40033.861    10.320    -0.64    5.49
  40409.642    10.277    -0.11    6.26
  40785.428     9.508    -2.05    6.05
  41161.220     7.961    -4.12    5.75
  41537.017     5.689    -6.05    3.92
  41912.819     4.380    -3.48    1.71
  42288.627     3.886    -1.31    2.19
  42664.441     2.608    -3.40    2.85
  43040.259     0.825    -4.74    2.90
  43416.084    -0.864    -4.49    2.48
  43791.913    -1.811    -2.52    1.37
  44167.748    -2.338    -1.40    0.16
  44543.589    -2.364    -0.07    0.00
  44919.435    -2.364     0.00    0.00
  45295.287    -2.364     0.00    0.00
  45671.144    -2.364     0.00    0.00
  46047.006    -2.364     0.00    0.00
  46422.874    -2.364     0.00    0.00
  46798.747    -2.364     0.00    0.00
  47174.626    -2.364     0.00    0.00
  47550.510    -2.364     0.00    0.00
  47926.400    -2.364     0.00    0.00
  48302.295    -2.364     0.00    0.00
  48678.196    -2.364     0.00    0.00
  49054.102    -2.364     0.00    0.00
  49430.014    -2.364     0.00    0.00
  49805.931    -2.364     0.00    0.00
  50181.854    -2.364     0.00    0.00
  50557.782    -2.364     0.00    0.00
  50933.716    -2.364     0.00    0.00
  51309.655    -2.364     0.00    0.00
  51685.599    -2.364     0.00    0.00
  52061.549    -2.364     0.00    0.00
  52437.505    -2.364     0.00    0.00
  52813.466    -2.364     0.00    0.00
  53189.433    -2.364     0.00    0.00
  53565.405    -2.364     0.00    0.00
  53941.382    -2.364     0.00    0.00
  54317.365    -2.364     0.00    0.00
  54693.354    -2.364     0.00    0.00
  55069.348    -2.364     0.00    0.00
  55445.348    -2.364     0.00    0.00
  55821.353    -2.364     0.00    0.00
  56197.363    -2.364     0.00    0.00
  56573.379    -2.364     0.00    0.00
  56949.401    -2.364     0.00    0.00
  57325.428    -2.364     0.00    0.00
  57701.461    -2.364     0.00    0.00
  58077.499    -2.364     0.00    0.00
  58453.543    -2.364     0.00    0.00
  58829.592    -2.364     0.00    0.00
  59205.647    -2.364     0.00    0.00
  59581.707    -2.364     0.00    0.00
  59957.773    -2.364     0.00    0.00
  60333.845    -2.364     0.00    0.00
  60709.921    -2.364     0.00    0.00
  61086.004    -2.364     0.00    0.00
  61462.092    -2.364     0.00    0.00
  61838.186    -2.364     0.00    0.00
  62214.285    -2.364     0.00    0.00
  62590.389    -2.364     0.00    0.00
  62966.499    -2.364     0.00    0.00
  63342.615    -2.364     0.00    0.00
  63718.736    -2.364     0.00    0.00
  64094.863    -2.364     0.00    0.00
  64470.996    -2.364     0.00    0.00
  64847.134    -2.364     0.00    0.00
  65223.277    -2.364     0.00    0.00
  65599.426    -2.364     0.00    0.00
  65975.581    -2.364     0.00    0.00
  66351.741    -2.364     0.00    0.00
  66727.907    -2.364     0.00    0.00
  67104.078    -2.364     0.00    0.00
  67480.255    -2.364     0.00    0.00
  67856.438    -2.364     0.00    0.00
  68232.626    -2.364     0.00    0.00
  68608.820    -2.364     0.00    0.00
  68985.019    -2.364     0.00    0.00
  69361.224    -2.364     0.00    0.00
  69737.434    -2.364     0.00    0.00
  70113.650    -2.364     0.00    0.00
  70489.872    -2.364     0.00    0.00
  70866.099    -2.364     0.00    0.00
  71242.332    -2.364     0.00    0.00
  71618.570    -2.364     0.00    0.00
  71994.814    -2.364     0.00    0.00
  72371.063    -2.364     0.00    0.00
  72747.319    -2.364     0.00    0.00
  73123.579    -2.364     0.00    0.00
  73499.846    -2.364     0.00    0.00
  73876.118    -2.364     0.00    0.00
  74252.395    -2.364     0.00    0.00
  74628.678    -2.364     0.00    0.00
  75004.967    -2.364     0.00    0.00
  75381.262    -2.364     0.00    0.00
  75757.562    -2.364     0.00    0.00
  76133.867    -2.364     0.00    0.00
  76510.179    -2.364     0.00    0.00
  76886.495    -2.364     0.00    0.00
  77262.818    -2.364     0.00    0.00
  77639.146    -2.364     0.00    0.00
  78015.480    -2.364     0.00    0.00
  78391.819    -2.364     0.00    0.00
  78768.164    -2.364     0.00    0.00
  79144.515    -2.364     0.00    0.00
  79520.871    -2.364     0.00    0.00
  79897.233    -2.364     0.00    0.00
  80273.601    -2.364     0.00    0.00
  80649.974    -2.364     0.00    0.00
  81026.353    -2.364     0.00    0.00
  81402.737    -2.364     0.00    0.00
  81779.127    -2.364     0.00    0.00
  82155.523    -2.364     0.00    0.00
  82531.925    -2.364     0.00    0.00
  82908.332    -2.364     0.00    0.00
  83284.744    -2.364     0.00    0.00
  83661.163    -2.364     0.00    0.00
  84037.587    -2.364     0.00    0.00
  84414.017    -2.364     0.00    0.00
  84790.452    -2.364     0.00    0.00
  85166.893    -2.364     0.00    0.00
  85543.340    -2.364     0.00    0.00
  85919.792    -2.364     0.00    0.00
  86296.250    -2.364     0.00    0.00
  86672.714    -2.364     0.00    0.00
  87049.183    -2.364     0.00    0.00
  87425.658    -2.364     0.00    0.00
  87802.139    -2.364     0.00    0.00
  88178.626    -2.364     0.00    0.00
  88555.118    -2.364     0.00    0.00
  88931.616    -2.364     0.00    0.00
  89308.119    -2.364     0.00    0.00
  89684.628    -2.364     0.00    0.00
  90061.143    -2.364     0.00    0.00
  90437.664    -2.364     0.00    0.00
  90813.281    -2.364     0.00    0.00
  91188.674    -2.364     0.00    0.00
  91564.072    -2.364     0.00    0.00
  91939.475    -2.364     0.00    0.00
  92314.884    -2.364     0.00    0.00
  92690.299    -2.364     0.00    0.00
  93065.720    -2.364     0.00    0.00
  93441.146    -2.364     0.00    0.00
  93816.578    -2.364     0.00    0.00
  94192.015    -2.364     0.00    0.00
  94567.459    -2.364     0.00    0.00
  94942.908    -2.364     0.00    0.00
  95318.362    -2.364     0.00    0.00
  95693.822    -2.364     0.00    0.00
  96069.288    -2.364     0.00    0.00
  96444.760    -2.364     0.00    0.00
  96820.237    -2.364     0.00    0.00
  97195.721    -2.364     0.00    0.00
  97571.209    -2.364     0.00    0.00
  97946.704    -2.364     0.00    0.00
  98322.204    -2.364     0.00    0.00
  98697.710    -2.364     0.00    0.00
  99073.221    -2.364     0.00    0.00
  99448.738    -2.364     0.00    0.00
  99824.261    -2.364     0.00    0.00
 100199.790    -2.364     0.00    0.00
 100575.324    -2.364     0.00    0.00
 100950.864    -2.364     0.00    0.00
 101326.410    -2.364     0.00    0.00
 101701.962    -2.364     0.00    0.00
 102077.519    -2.364     0.00    0.00
 102453.082    -2.364     0.00    0.00
 102828.651    -2.364     0.00    0.00
 103204.225    -2.364     0.00    0.00
 103579.805    -2.364     0.00    0.00
 103955.391    -2.364     0.00    0.00
 104330.982    -2.364     0.00    0.00
 104706.580    -2.364     0.00    0.00
 105082.183    -2.364     0.00    0.00
 105457.792    -2.364     0.00    0.00
 105833.406    -2.364     0.00    0.00
 106209.026    -2.364     0.00    0.00
 106584.652    -2.364     0.00    0.00
 106960.284    -2.364     0.00    0.00
 107335.921    -2.364     0.00    0.00
 107711.565    -2.364     0.00    0.00
 108087.214    -2.364     0.00    0.00
 108462.868    -2.364     0.00    0.00
 108838.529    -2.364     0.00    0.00
 109214.195    -2.364     0.00    0.00
 109589.867    -2.364     0.00    0.00
 109965.545    -2.364     0.00    0.00
 110341.228    -2.364     0.00    0.00
 110716.917    -2.364     0.00    0.00
 111092.612    -2.364     0.00    0.00
 111468.313    -2.364     0.00    0.00
 111844.020    -2.364     0.00    0.00
 112219.732    -2.364     0.00    0.00
 112595.450    -2.364     0.00    0.00
 112971.174    -2.364     0.00    0.00
 113346.904    -2.364     0.00    0.00
 113722.639    -2.364     0.00    0.00
 114098.380    -2.364     0.00    0.00
 114474.127    -2.364     0.00    0.00
 114849.880    -2.364     0.00    0.00
 115225.639    -2.364     0.00    0.00
 115601.403    -2.364     0.00    0.00
 115977.173    -2.364     0.00    0.00
 116352.949    -2.364     0.00    0.00
 116728.731    -2.364     0.00    0.00
 117104.518    -2.364     0.00    0.00
 117480.312    -2.364     0.00    0.00
 117856.111    -2.364     0.00    0.00
 118231.916    -2.364     0.00    0.00
 118607.726    -2.364     0.00    0.00
 118983.543    -2.364     0.00    0.00
 119359.365    -2.364     0.00    0.00
 119735.193    -2.364     0.00    0.00
 120111.027    -2.364     0.00    0.00
 120486.867    -2.364     0.00    0.00
 120862.713    -2.364     0.00    0.00
 121238.564    -2.364     0.00    0.00
 121614.421    -2.364     0.00    0.00
 121990.284    -2.364     0.00    0.00
 122366.153    -2.364     0.00    0.00
 122742.028    -2.364     0.00    0.00
 123117.908    -2.364     0.00    0.00
 123493.795    -2.364     0.00    0.00
 123869.687    -2.364     0.00    0.00
 124245.585    -2.364     0.00    0.00
 124621.489    -2.364     0.00    0.00
 124997.399    -2.364     0.00    0.00
 125373.314    -2.364     0.00    0.00
 125749.235    -2.364     0.00    0.00
 126125.163    -2.364     0.00    0.00
 126501.096    -2.364     0.00    0.00
 126877.035    -2.364     0.00    0.00
 127252.979    -2.364     0.00    0.00
 127628.930    -2.364     0.00    0.00
 128004.887    -2.364     0.00    0.00
 128380.849    -2.364     0.00    0.00
 128756.817    -2.364     0.00    0.00
 129132.791    -2.364     0.00    0.00
 129508.771    -2.364     0.00    0.00
 129884.757    -2.364     0.00    0.00
 130260.748    -2.364     0.00    0.00
 130636.746    -2.364     0.00    0.00
 131012.749    -2.364     0.00    0.00
 131388.758    -2.364     0.00    0.00
 131764.774    -2.364     0.00    0.00
 132140.795    -2.364     0.00    0.00
 132516.821    -2.364     0.00    0.00
 132892.854    -2.364     0.00    0.00
 133268.893    -2.364     0.00    0.00
 133644.937    -2.364     0.00    0.00
 134020.988    -2.364     0.00    0.00
 134397.044    -2.364     0.00    0.00
 134773.106    -2.364     0.00    0.00
 135149.174    -2.364     0.00    0.00
 135525.248    -2.364     0.00    0.00
 135901.328    -2.364     0.00    0.00
 136277.414    -2.364     0.00    0.00
 136653.505    -2.364     0.00    0.00
 137029.603    -2.364     0.00    0.00
 137405.707    -2.364     0.00    0.00
 137781.816    -2.364     0.00    0.00
 138157.931    -2.364     0.00    0.00
 138534.052    -2.364     0.00    0.00
 138910.179    -2.364     0.00    0.00
 139286.312    -2.364     0.00    0.00
 139662.451    -2.364     0.00    0.00
 140038.596    -2.364     0.00    0.00
 140414.747    -2.364     0.00    0.00
 140790.904    -2.364     0.00    0.00
 141167.066    -2.364     0.00    0.00
 141543.235    -2.364     0.00    0.00
 141919.409    -2.364     0.00    0.00
 142295.590    -2.364     0.00    0.00
 142671.776    -2.364     0.00    0.00
 143047.968    -2.364     0.00    0.00
 143424.166    -2.364     0.00    0.00
 143800.370    -2.364     0.00    0.00
 144176.581    -2.364     0.00    0.00
 144552.797    -2.364     0.00    0.00
 144929.018    -2.364     0.00    0.00
 145305.246    -2.364     0.00    0.00
 145681.480    -2.364     0.00    0.00
 146057.720    -2.364     0.00    0.00
 146433.966    -2.364     0.00    0.00
 146810.217    -2.364     0.00    0.00
 147186.475    -2.364     0.00    0.00
 147562.739    -2.364     0.00    0.00
 147939.008    -2.364     0.00    0.00
 148315.284    -2.364     0.00    0.00
 148691.565    -2.364     0.00    0.00
 149067.853    -2.364     0.00    0.00
 149444.146    -2.364     0.00    0.00
 149820.446    -2.364     0.00    0.00
 150196.751    -2.364     0.00    0.00
 150573.062    -2.364     0.00    0.00
 150949.380    -2.364     0.00    0.00
 151325.703    -2.364     0.00    0.00
 151702.032    -2.364     0.00    0.00
 152078.367    -2.364     0.00    0.00
 152454.709    -2.364     0.00    0.00
 152831.056    -2.364     0.00    0.00
 153207.409    -2.364     0.00    0.00
 153583.768    -2.364     0.00    0.00
 153960.133    -2.364     0.00    0.00
 154336.505    -2.364     0.00    0.00
 154712.882    -2.364     0.00    0.00
 155089.265    -2.364     0.00    0.00
 155465.654    -2.364     0.00    0.00
 155842.049    -2.364     0.00    0.00
 156218.451    -2.364     0.00    0.00
 156594.858    -2.364     0.00    0.00
 156971.271    -2.364     0.00    0.00
 157347.690    -2.364     0.00    0.00
 157724.115    -2.364     0.00    0.00
 158100.547    -2.364     0.00    0.00
 158476.984    -2.364     0.00    0.00
 158853.427    -2.364     0.00    0.00
 159229.876    -2.364     0.00    0.00
 159606.332    -2.364     0.00    0.00
 159982.793    -2.364     0.00    0.00
 160359.260    -2.364     0.00    0.00
 160735.734    -2.364     0.00    0.00
 161112.213    -2.364     0.00    0.00
 161488.699    -2.364     0.00    0.00
 161865.190    -2.364     0.00    0.00
 162241.688    -2.364     0.00    0.00
 162618.191    -2.364     0.00    0.00
 162994.701    -2.364     0.00    0.00
 163371.216    -2.364     0.00    0.00
 163747.738    -2.364     0.00    0.00
 164124.266    -2.364     0.00    0.00
 164500.800    -2.364     0.00    0.00
 164877.339    -2.364     0.00    0.00
 165253.885    -2.364     0.00    0.00
 165630.187    -2.364     0.00    0.00
 166005.536    -2.364     0.00    0.00
 166380.891    -2.364     0.00    0.00
 166756.252    -2.364     0.00    0.00
 167131.619    -2.364     0.00    0.00
 167506.992    -2.364     0.00    0.00
 167882.371    -2.364     0.00    0.00
 168257.756    -2.364     0.00    0.00
 168633.147    -2.364     0.00    0.00
 169008.544    -2.364     0.00    0.00
 169383.948    -2.364     0.00    0.00
 169759.357    -2.364     0.00    0.00
 170134.772    -2.364     0.00    0.00
 170510.193    -2.364     0.00    0.00
 170885.621    -2.364     0.00    0.00
 171261.054    -2.364     0.00    0.00
 171636.493    -2.364     0.00    0.00
 172011.939    -2.364     0.00    0.00
 172387.390    -2.364     0.00    0.00
 172762.848    -2.364     0.00    0.00
 173138.312    -2.364     0.00    0.00
 173513.781    -2.364     0.00    0.00
 173889.257    -2.364     0.00    0.00
 174264.739    -2.364     0.00    0.00
 174640.227    -2.364     0.00    0.00
 175015.721    -2.364     0.00    0.00
 175391.221    -2.364     0.00    0.00
 175766.727    -2.364     0.00    0.00
 176142.239    -2.364     0.00    0.00
 176517.757    -2.364     0.00    0.00
 176893.281    -2.364     0.00    0.00
 177268.812    -2.364     0.00    0.00
 177644.348    -2.364     0.00    0.00
 178019.890    -2.364     0.00    0.00
 178395.439    -2.364     0.00    0.00
 178770.994    -2.364     0.00    0.00
 179146.554    -2.364     0.00    0.00
 179522.121    -2.364     0.00    0.00
 179897.694    -2.364     0.00    0.00
 180273.273    -2.364     0.00    0.00
 180648.858    -2.364     0.00    0.00
 181024.450    -2.364     0.00    0.00
 181400.047    -2.364     0.00    0.00
 181775.650    -2.364     0.00    0.00
 182151.260    -2.364     0.00    0.00
 182526.875    -2.364     0.00    0.00
 182902.497    -2.364     0.00    0.00
 183278.125    -2.364     0.00    0.00
 183653.759    -2.364     0.00    0.00
 184029.399    -2.364     0.00    0.00
 184405.045    -2.364     0.00    0.00
 184780.697    -2.364     0.00    0.00
 185156.356    -2.364     0.00    0.00
 185532.020    -2.364     0.00    0.00
 185907.691    -2.364     0.00    0.00
 186283.367    -2.364     0.00    0.00
 186659.050    -2.364     0.00    0.00
 187034.739    -2.364     0.00    0.00
 187410.434    -2.364     0.00    0.00
 187786.136    -2.364     0.00    0.00
 188161.843    -2.364     0.00    0.00
 188537.557    -2.364     0.00    0.00
 188913.276    -2.364     0.00    0.00
 189289.002    -2.364     0.00    0.00
 189664.734    -2.364     0.00    0.00
 190040.472    -2.364     0.00    0.00
 190416.216    -2.364     0.00    0.00
 190791.967    -2.364     0.00    0.00
 191167.723    -2.364     0.00    0.00
 191543.486    -2.364     0.00    0.00
 191919.255    -2.364     0.00    0.00
 192295.030    -2.364     0.00    0.00
 192670.811    -2.364     0.00    0.00
 193046.598    -2.364     0.00    0.00
 193422.392    -2.364     0.00    0.00
 193798.191    -2.364     0.00    0.00
 194173.997    -2.364     0.00    0.00
 194549.809    -2.364     0.00    0.00
 194925.627    -2.364     0.00    0.00
 195301.452    -2.364     0.00    0.00
 195677.282    -2.364     0.00    0.00
 196053.119    -2.364     0.00    0.00
 196428.962    -2.364     0.00    0.00
 196804.811    -2.364     0.00    0.00
 197180.666    -2.364     0.00    0.00
 197556.527    -2.364     0.00    0.00
 197932.395    -2.364     0.00    0.00
 198308.268    -2.364     0.00    0.00
 198684.148    -2.364     0.00    0.00
 199060.035    -2.364     0.00    0.00
 199435.927    -2.364     0.00    0.00
 199811.825    -2.364     0.00    0.00
 200187.730    -2.364     0.00    0.00
 200563.641    -2.364     0.00    0.00
 200939.558    -2.364     0.00    0.00
 201315.481    -2.364     0.00    0.00
 201691.411    -2.364     0.00    0.00
 202067.347    -2.364     0.00    0.00
 202443.289    -2.364     0.00    0.00
 202819.237    -2.364     0.00    0.00
 203195.191    -2.364     0.00    0.00
 203571.152    -2.364     0.00    0.00
 203947.119    -2.364     0.00    0.00
 204323.092    -2.364     0.00    0.00
 204699.071    -2.364     0.00    0.00
 205075.057    -2.364     0.00    0.00
 205451.048    -2.364     0.00    0.00
 205827.046    -2.364     0.00    0.00
 206203.050    -2.364     0.00    0.00
 206579.061    -2.364     0.00    0.00
 206955.077    -2.364     0.00    0.00
 207331.100    -2.364     0.00    0.00
 207707.129    -2.364     0.00    0.00
 208083.165    -2.364     0.00    0.00
 208459.206    -2.364     0.00    0.00
 208835.254    -2.364     0.00    0.00
 209211.308    -2.364     0.00    0.00
 209587.369    -2.364     0.00    0.00
 209963.435    -2.364     0.00    0.00
 210339.508    -2.364     0.00    0.00
 210715.587    -2.364     0.00    0.00
 211091.672    -2.364     0.00    0.00
 211467.764    -2.364     0.00    0.00
 211843.862    -2.364     0.00    0.00
 212219.966    -2.364     0.00    0.00
 212596.077    -2.364     0.00    0.00
 212972.193    -2.364     0.00    0.00
 213348.316    -2.364     0.00    0.00
 213724.445    -2.364     0.00    0.00
 214100.581    -2.364     0.00    0.00
 214476.723    -2.364     0.00    0.00
 214852.871    -2.364     0.00    0.00
 215229.025    -2.364     0.00    0.00
 215605.186    -2.364     0.00    0.00
 215981.352    -2.364     0.00    0.00
 216357.526    -2.364     0.00    0.00
 216733.705    -2.364     0.00    0.00
 217109.891    -2.364     0.00    0.00
 217486.083    -2.364     0.00    0.00
 217862.281    -2.364     0.00    0.00
 218238.486    -2.364     0.00    0.00
 218614.697    -2.364     0.00    0.00
 218990.914    -2.364     0.00    0.00
 219367.137    -2.364     0.00    0.00
 219743.367    -2.364     0.00    0.00
 220119.603    -2.364     0.00    0.00
 220495.846    -2.364     0.00    0.00
 220872.095    -2.364     0.00    0.00
 221248.350    -2.364     0.00    0.00
 221624.611    -2.364     0.00    0.00
 222000.879    -2.364     0.00    0.00
 222377.153    -2.364     0.00    0.00
 222753.433    -2.364     0.00    0.00
 223129.720    -2.364     0.00    0.00
 223506.013    -2.364     0.00    0.00
 223882.312    -2.364     0.00    0.00
 224258.618    -2.364     0.00    0.00
 224634.930    -2.364     0.00    0.00
 225011.248    -2.364     0.00    0.00
 225387.573    -2.364     0.00    0.00
 225763.903    -2.364     0.00    0.00
 226140.241    -2.364     0.00    0.00
 226516.584    -2.364     0.00    0.00
 226892.934    -2.364     0.00    0.00
 227269.291    -2.364     0.00    0.00
 227645.653    -2.364     0.00    0.00
 228022.022    -2.364     0.00    0.00
 228398.398    -2.364     0.00    0.00
 228774.780    -2.364     0.00    0.00
 229151.168    -2.364     0.00    0.00
 229527.562    -2.364     0.00    0.00
 229903.963    -2.364     0.00    0.00
 230280.370    -2.364     0.00    0.00
 230656.784    -2.364     0.00    0.00
 231033.204    -2.364     0.00    0.00
 231409.630    -2.364     0.00    0.00
 231786.062    -2.364     0.00    0.00
 232162.501    -2.364     0.00    0.00
 232538.947    -2.364     0.00    0.00
 232915.399    -2.364     0.00    0.00
 233291.857    -2.364     0.00    0.00
 233668.321    -2.364     0.00    0.00
 234044.792    -2.364     0.00    0.00
 234421.269    -2.364     0.00    0.00
 234797.753    -2.364     0.00    0.00
 235174.243    -2.364     0.00    0.00
 235550.740    -2.364     0.00    0.00
 235927.242    -2.364     0.00    0.00
 236303.752    -2.364     0.00    0.00
 236680.267    -2.364     0.00    0.00
 237056.789    -2.364     0.00    0.00
 237433.318    -2.364     0.00    0.00
 237809.852    -2.364     0.00    0.00
 238186.394    -2.364     0.00    0.00
 238562.941    -2.364     0.00    0.00
 238939.495    -2.364     0.00    0.00
 239316.056    -2.364     0.00    0.00
 239692.623    -2.364     0.00    0.00
 240069.196    -2.364     0.00    0.00
 240445.776    -2.364     0.00    0.00
 240821.565    -2.364     0.00    0.00
 241196.872    -2.364     0.00    0.00
 241572.186    -2.364     0.00    0.00
 241947.506    -2.364     0.00    0.00
 242322.833    -2.364     0.00    0.00
 242698.166    -2.364     0.00    0.00
 243073.505    -2.364     0.00    0.00
 243448.851    -2.364     0.00    0.00
 243824.203    -2.364     0.00    0.00
 244199.562    -2.364     0.00    0.00
 244574.926    -2.364     0.00    0.00
 244950.298    -2.364     0.00    0.00
 245325.676    -2.364     0.00    0.00
 245701.060    -2.364     0.00    0.00
 246076.450    -2.364     0.00    0.00
 246451.847    -2.364     0.00    0.00
 246827.250    -2.364     0.00    0.00
 247202.660    -2.364     0.00    0.00
 247578.076    -2.364     0.00    0.00
 247953.499    -2.364     0.00    0.00
 248328.928    -2.364     0.00    0.00
 248704.363    -2.364     0.00    0.00
 249079.805    -2.364     0.00    0.00
 249455.253    -2.364     0.00    0.00
 249830.708    -2.364     0.00    0.00
 250206.169    -2.364     0.00    0.00
 250581.636    -2.364     0.00    0.00
 250957.110    -2.364     0.00    0.00
 251332.591    -2.364     0.00    0.00
 251708.078    -2.364     0.00    0.00
 252083.571    -2.364     0.00    0.00
 252459.070    -2.364     0.00    0.00
 252834.576    -2.364     0.00    0.00
 253210.089    -2.364     0.00    0.00
 253585.608    -2.364     0.00    0.00
 253961.133    -2.364     0.00    0.00
 254336.665    -2.364     0.00    0.00
 254712.204    -2.364     0.00    0.00
 255087.748    -2.364     0.00    0.00
 255463.300    -2.364     0.00    0.00
 255838.857    -2.364     0.00    0.00
 256214.421    -2.364     0.00    0.00
 256589.992    -2.364     0.00    0.00
 256965.569    -2.364     0.00    0.00
 257341.152    -2.364     0.00    0.00
 257716.742    -2.364     0.00    0.00
 258092.339    -2.364     0.00    0.00
 258467.942    -2.364     0.00    0.00
 258843.551    -2.364     0.00    0.00
 259219.167    -2.364     0.00    0.00
 259594.789    -2.364     0.00    0.00
 259970.418    -2.364     0.00    0.00
 260346.053    -2.364     0.00    0.00
 260721.695    -2.364     0.00    0.00
 261097.343    -2.364     0.00    0.00
 261472.998    -2.364     0.00    0.00
 261848.659    -2.364     0.00    0.00
 262224.327    -2.364     0.00    0.00
 262600.001    -2.364     0.00    0.00
 262975.682    -2.364     0.00    0.00
 263351.369    -2.364     0.00    0.00
 263727.063    -2.364     0.00    0.00
 264102.763    -2.364     0.00    0.00
 264478.470    -2.364     0.00    0.00
 264854.183    -2.364     0.00    0.00
 265229.902    -2.364     0.00    0.00
 265605.629    -2.364     0.00    0.00
 265981.361    -2.364     0.00    0.00
 266357.101    -2.364     0.00    0.00
 266732.846    -2.364     0.00    0.00
 267108.599    -2.364     0.00    0.00
 267484.357    -2.364     0.00    0.00
 267860.123    -2.364     0.00    0.00
 268235.894    -2.364     0.00    0.00
 268611.673    -2.364     0.00    0.00
 268987.458    -2.364     0.00    0.00
 269363.249    -2.364     0.00    0.00
 269739.047    -2.364     0.00    0.00
 270114.851    -2.364     0.00    0.00
 270490.662    -2.364     0.00    0.00
 270866.480    -2.364     0.00    0.00
 271242.304    -2.364     0.00    0.00
 271618.135    -2.364     0.00    0.00
 271993.972    -2.364     0.00    0.00
 272369.815    -2.364     0.00    0.00
 272745.666    -2.364     0.00    0.00
 273121.522    -2.364     0.00    0.00
 273497.386    -2.364     0.00    0.00
 273873.256    -2.364     0.00    0.00
 274249.132    -2.364     0.00    0.00
 274625.015    -2.364     0.00    0.00
 275000.905    -2.364     0.00    0.00
 275376.801    -2.364     0.00    0.00
 275752.703    -2.364     0.00    0.00
 276128.613    -2.364     0.00    0.00
 276504.528    -2.364     0.00    0.00
 276880.451    -2.364     0.00    0.00
 277256.380    -2.364     0.00    0.00
 277632.315    -2.364     0.00    0.00
 278008.257    -2.364     0.00    0.00
 278384.206    -2.364     0.00    0.00
 278760.161    -2.364     0.00    0.00
 279136.123    -2.364     0.00    0.00
 279512.092    -2.364     0.00    0.00
 279888.067    -2.364     0.00    0.00
 280264.048    -2.364     0.00    0.00
 280640.036    -2.364     0.00    0.00
 281016.031    -2.364     0.00    0.00
 281392.033    -2.364     0.00    0.00
 281768.041    -2.364     0.00    0.00
 282144.055    -2.364     0.00    0.00
 282520.076    -2.364     0.00    0.00
 282896.104    -2.364     0.00    0.00
 283272.138    -2.364     0.00    0.00
 283648.179    -2.364     0.00    0.00
 284024.227    -2.364     0.00    0.00
 284400.281    -2.364     0.00    0.00
 284776.342    -2.364     0.00    0.00
 285152.410    -2.364     0.00    0.00
 285528.484    -2.364     0.00    0.00
 285904.564    -2.364     0.00    0.00
 286280.652    -2.364     0.00    0.00
 286656.745    -2.364     0.00    0.00
 287032.846    -2.364     0.00    0.00
 287408.953    -2.364     0.00    0.00
 287785.067    -2.364     0.00    0.00
 288161.187    -2.364     0.00    0.00
 288537.314    -2.364     0.00    0.00
 288913.448    -2.364     0.00    0.00
 289289.588    -2.364     0.00    0.00
 289665.735    -2.364     0.00    0.00
 290041.889    -2.364     0.00    0.00
 290418.049    -2.364     0.00    0.00
 290794.216    -2.364     0.00    0.00
 291170.390    -2.364     0.00    0.00
 291546.570    -2.364     0.00    0.00
 291922.757    -2.364     0.00    0.00
 292298.950    -2.364     0.00    0.00
 292675.151    -2.364     0.00    0.00
 293051.357    -2.364     0.00    0.00
 293427.571    -2.364     0.00    0.00
 293803.791    -2.364     0.00    0.00
 294180.018    -2.364     0.00    0.00
 294556.251    -2.364     0.00    0.00
 294932.492    -2.364     0.00    0.00
 295308.738    -2.364     0.00    0.00
 295684.992    -2.364     0.00    0.00
 296061.252    -2.364     0.00    0.00
 296437.519    -2.364     0.00    0.00
 296813.792    -2.364     0.00    0.00
 297190.073    -2.364     0.00    0.00
 297566.360    -2.364     0.00    0.00
 297942.653    -2.364     0.00    0.00
 298318.953    -2.364     0.00    0.00
 298695.260    -2.364     0.00    0.00
 299071.574    -2.364     0.00    0.00
 299447.894    -2.364     0.00    0.00
 299824.221    -2.364     0.00    0.00
 300200.555    -2.364     0.00    0.00
 300576.896    -2.364     0.00    0.00
 300953.243    -2.364     0.00    0.00
 301329.597    -2.364     0.00    0.00
 301705.957    -2.364     0.00    0.00
 302082.325    -2.364     0.00    0.00
 302458.698    -2.364     0.00    0.00
 302835.079    -2.364     0.00    0.00
 303211.467    -2.364     0.00    0.00
 303587.861    -2.364     0.00    0.00
 303964.262    -2.364     0.00    0.00
 304340.669    -2.364     0.00    0.00
 304717.083    -2.364     0.00    0.00
 305093.504    -2.364     0.00    0.00
 305469.932    -2.364     0.00    0.00
 305846.367    -2.364     0.00    0.00
 306222.808    -2.364     0.00    0.00
 306599.256    -2.364     0.00    0.00
 306975.710    -2.364     0.00    0.00
 307352.172    -2.364     0.00    0.00
 307728.640    -2.364     0.00    0.00
 308105.115    -2.364     0.00    0.00
 308481.597    -2.364     0.00    0.00
 308858.085    -2.364     0.00    0.00
 309234.580    -2.364     0.00    0.00
 309611.082    -2.364     0.00    0.00
 309987.591    -2.364     0.00    0.00
 310364.106    -2.364     0.00    0.00
 310740.628    -2.364     0.00    0.00
