# NaN NaN NaN ;Mean Elev.(m), Avg Gradient(m/km), RMS Gradient(m/km) - SRTM1     
#   22.003  -5.827  21.557 ;Mean Elev.(m), Avg Gradient(m/km), RMS Gradient(m/km) - ASTER GDEM
#    7.885  -3.285  21.220 ;Mean Elev.(m), Avg Gradient(m/km), RMS Gradient(m/km) - GMTED2010 
  8 322.750603  -9.883010     8.767     8.719  5 52481.51606202 38.410
  9 322.757193  -9.891540     8.391     8.391  2 52516.51601621 50.463
 10 322.749149  -9.878384     8.464     8.460  4 52551.51606211 21.582
 11 322.759070  -9.893418    10.381    10.381  2 52586.51603879 22.232
 12 322.753322  -9.886270     9.649     9.370  4 52621.51601214 36.715
 15 322.754514  -9.889804    10.560    10.560  2 52726.51604402 29.606
 18 322.758330  -9.892748     9.897    10.152  3 52831.51608787 22.221
 20 322.752855  -9.887237    12.666    11.980  4 52901.51615638 25.021
 21 322.753045  -9.887344    12.342    12.576  4 52936.51609711 27.715
 22 322.751813  -9.887184     8.866     8.866  2 52971.51612300 40.151
 23 322.749192  -9.880918     9.788     9.887  4 53006.51613458 42.032
 25 322.751541  -9.879452     9.730     9.730  2 53076.51612002 24.806
 26 322.748779  -9.877339    12.455    12.653  3 53111.51608949 23.183
 28 322.757000  -9.892191     8.225     8.225  2 53181.51614148 44.026
 29 322.752641  -9.885060    11.057    11.104  4 53216.51616337 42.822
 30 322.751684  -9.883810     8.695     8.720  3 53251.51614154 25.591
 31 322.748550  -9.878411     9.526     9.363  4 53286.51613498 29.880
 35 322.757590  -9.892155    13.607    13.563  3 53426.51609159 24.113
 37 322.748242  -9.876681    12.450    11.781  3 53496.51617845 23.281
 38 322.757361  -9.892977    10.398    10.398  2 53531.51615997 20.838
 39 322.749478  -9.879775    10.694    10.568  4 53566.51618251 21.589
 40 322.755856  -9.890313     8.848     8.848  2 53601.51612800 32.258
 41 322.750433  -9.881701     8.939     8.845  4 53636.51612391 23.784
 42 322.749306  -9.881271     9.017     8.838  4 53671.51614502 33.094
 44 322.758420  -9.892081     8.246     8.246  2 53741.51599165 26.738
 45 322.757704  -9.892521     8.868     8.868  2 53776.51601519 25.590
 49 322.748500  -9.877144     9.164     9.291  4 53916.51612374 28.869
 52 322.754129  -9.886642    10.024     9.330  3 54021.51610908 27.179
 54 322.755376  -9.888166     9.138     9.138  2 54091.51608576 30.741
 55 322.753802  -9.888882    10.061     9.505  3 54126.51601745 26.076
 57 322.753851  -9.886064     9.678     9.238  3 54196.51601909 27.215
 58 322.754603  -9.886173     8.876     8.876  2 54231.51606589 26.019
 59 322.754968  -9.887169     9.153     9.153  2 54266.51608411 30.203
 60 322.754960  -9.889394     9.570     9.570  2 54301.51608935 49.950
 62 322.754799  -9.886760     9.284     9.284  2 54371.51602125 27.703
 63 322.753745  -9.887033    12.964    12.545  4 54406.51602141 32.340
 65 322.754753  -9.890102    12.587    12.116  3 54476.51600998 15.394
 66 322.753839  -9.888368     7.497     7.554  3 54511.51599619 29.006
 68 322.755134  -9.889814     7.476     7.431  3 54581.51599146 34.395
 69 322.754806  -9.889999     7.868     7.823  3 54616.51601339 40.159
 70 322.752758  -9.885907     8.420     8.416  4 54651.51602534 42.483
 71 322.754436  -9.887650     8.816     8.832  3 54686.51601733 42.560
 72 322.754471  -9.886815     8.958     9.074  3 54721.51597097 21.542
 74 322.752433  -9.885549    11.638    11.426  4 54791.51596440 19.706
 75 322.754360  -9.887055     8.337     8.400  3 54826.51598933 31.856
 76 322.754221  -9.887062    11.330    10.682  3 54861.51595857 15.996
 77 322.753127  -9.886549    13.169    12.363  4 54896.51599029 23.745
 80 322.751739  -9.884603    16.731    16.902  4 55001.51601052 36.298
 81 322.754887  -9.889704    11.827    11.770  3 55036.51599691 38.434
 83 322.752677  -9.886033    12.138    12.483  3 55106.51592896 28.356
 84 322.753667  -9.886332     9.642     8.697  3 55141.51593484 21.765
 85 322.753817  -9.889727    14.113    15.108  3 55176.51589855 15.624
 86 322.753978  -9.886562     9.957     9.746  3 55211.51592959 22.364
 87 322.753605  -9.886742    12.494    12.105  4 55246.51590240 17.510
 88 322.754321  -9.884506     8.321     8.321  2 55281.51592227 31.565
 89 322.753233  -9.886879     8.306     8.306  4 55316.51589024 44.906
 90 322.754473  -9.886909    10.968     9.846  3 55351.51589521 28.380
 91 322.752485  -9.885268     8.055     8.103  4 55386.51588979 29.605
 92 322.754863  -9.888829     7.885     7.885  2 55421.51591320 40.762
 93 322.755009  -9.888052     8.189     8.189  2 55456.51588831 32.816
